Unnamed: 0,index,country,camp_name,sample,coefficient_variation_ndvi,daytime_maximum_temperature,evi_change,flow_accumulation,friction,interannual_coefficient_variation_precipitation,pdsi,population,precipitation,seasonal_precipitation_max,slope,specific_humidity,ssm,susm,temperature_anomaly,longitude,latitude,edge,exposure,rank,percentile,min_exposure,max_exposure,min_rank,min_percentile,max_rank,max_percentile
5,6,Uganda,Bidi Bidi,study_camp,0.5832093709452975,0.7778321528494593,0.2529373047634909,0.0004406730707491,0.0063052198251864,0.1266878599337131,0.3253862622452115,0.2243894255511089,0.1555063103553104,0.3536855163933553,0.0631650243090102,0.8414843927546224,0.5809081387786481,0.6218964448129757,0.0,31.38299819334441,3.468532851173854,['South Sudan-Uganda'],0.2937637773195696,359.0,0.2854291417165668,0.2389917157760643,0.3231401550515266,356.0,0.2914171656686626,359.0,0.2854291417165668
4004,8,Uganda,,sample_camp,0.7697684618510736,0.9150563351600643,0.5190299569995483,0.0088339665936987,0.2335161192787165,0.1424696524926131,0.5773685228345464,0.0627272986873744,0.3829023115699124,0.5063850515584123,0.0215574000560446,0.7999848762058527,0.4699551648398807,0.4581249593142571,8.860463128392799e-11,32.31525576,3.557656419,South Sudan-Uganda,0.3689117636980315,259.0,0.4850299401197604,0.3142973065518282,0.4058029400589742,257.0,0.4890219560878243,259.0,0.4850299401197604
4005,0000000000000000002f,Uganda,,sample_camp,0.3147304743194043,0.4424109844230047,0.2184987362100671,0.0010735592981413,0.063908384857353,0.2599492696563579,0.025039284471005,0.1468091688327137,0.2339508776004759,0.4996791012637382,0.0458728149400996,0.7692769451507127,0.2406427055990142,0.4153132713066626,8.860463128392799e-11,30.99258898,3.664887448,South Sudan-Uganda,0.2347094479407734,470.0,0.0638722554890219,0.1812526982197794,0.2581803927259903,470.0,0.0638722554890219,470.0,0.0638722554890219
4006,48,Uganda,,sample_camp,0.4128856169984101,0.947099842902379,0.3833024172416596,0.0100461735286949,0.0114444794561051,0.1234770921076868,0.2977085722826373,0.0818769802071049,0.2129906829036055,0.3980849026658598,0.0260824822132313,0.9185060735782404,0.3021342730858432,0.3912367164201504,8.860463128392799e-11,31.19875465,2.992347082,South Sudan-Uganda,0.2952340522557172,354.0,0.2954091816367265,0.2300474731910509,0.3247574574724284,378.0,0.24750499001996,354.0,0.2954091816367265
4007,0000000000000000005a,Uganda,,sample_camp,0.4364064165153583,0.648418264156032,0.4162626957462975,0.0004408139975856,0.0323578287729909,0.2417546876925676,0.1760787502182977,0.1425803415553891,0.2223743355700132,0.3422264863363764,0.0518324518447389,0.7573414235811375,0.2532386039145098,0.4712981356709227,8.860463128392799e-11,31.2404526,3.752827527,South Sudan-Uganda,0.2478239678338958,450.0,0.1037924151696606,0.1968722222591717,0.272606364608425,451.0,0.1017964071856287,450.0,0.1037924151696606
4008,61,Uganda,,sample_camp,0.4190031978615576,0.675778279132514,0.243191120554263,0.0031633407499831,0.0094652362115748,0.167364107200202,0.2772041764203627,0.1274761888908127,0.1214033647026281,0.384390775688344,0.0532425677710915,0.7574150784227649,0.3173903500817472,0.4644032762916676,8.860463128392799e-11,31.22584114,3.557614161,South Sudan-Uganda,0.2515288433154379,439.0,0.1257485029940119,0.2009402198047052,0.2766817276381212,444.0,0.1157684630738523,439.0,0.1257485029940119
4009,77,Uganda,,sample_camp,0.3710322882950309,0.4372112053172467,0.2022489803737208,0.0002644362073591,0.0106345408740891,0.0859915204403556,0.5258636859781185,0.0728178617676383,0.2380666208648303,0.770944318910515,0.0450654370465825,0.7175891690064354,0.2816561234632026,0.3506574655914605,8.860463128392799e-11,32.20759497,3.064437571,South Sudan-Uganda,0.2830260961997581,372.0,0.2594810379241516,0.2342342739286824,0.3113287058108735,366.0,0.2714570858283433,372.0,0.2594810379241516
4010,000000000000000000b2,Uganda,,sample_camp,0.4319242506076335,0.9856693166915798,0.3682950004551645,0.000867751002367,0.0053382871718981,0.1084869160138305,0.3039756585599026,0.0761788575473188,0.2716284472775203,0.3883723961497104,0.0299122675590726,0.9601429100340484,0.3561867170994465,0.6782977268043431,8.860463128392799e-11,31.21262726,2.734955851,South Sudan-Uganda,0.3100527879679983,331.0,0.3413173652694611,0.2424911350956401,0.3410580667559376,347.0,0.3093812375249501,331.0,0.3413173652694611
4011,000000000000000000c3,Uganda,,sample_camp,0.1285265186296524,0.3828263663552989,0.1675120944821359,0.0006089906826867,0.1052318687249822,0.084757390600378,0.5155935808451217,0.0949705801283279,0.0398689923646038,0.6144733948123149,0.0719432997569405,0.677153888533709,0.3055302390054909,0.2986435826012761,8.860463128392799e-11,32.06105686,2.734408967,South Sudan-Uganda,0.2543625465245575,435.0,0.1337325349301397,0.2120834123236422,0.2797988011681527,425.0,0.1536926147704591,435.0,0.1337325349301397
4012,000000000000000000cb,Uganda,,sample_camp,0.3067836552345555,0.7024668148234481,0.4885307673541605,0.0005298125782066,0.0068311509496213,0.168415921547416,0.2558778035277731,0.5497552769008204,0.2267024944458549,0.3450255490088271,0.0457448159341102,0.738853567300393,0.2643603588324865,0.4022740994803176,8.860463128392799e-11,31.19640438,3.474356925,South Sudan-Uganda,0.2504371171851583,440.0,0.12375249500998,0.2015954721736348,0.2754808288948137,443.0,0.1177644710578842,440.0,0.12375249500998
4013,000000000000000000db,Uganda,,sample_camp,0.6186823671102442,0.7550329487026118,0.3589911368554845,0.0005211110040772,0.0621052183931816,0.130671138604984,0.5915454379056233,0.0627272934388742,0.3631947028108666,0.441823351578382,0.0315198546987536,0.7186738593074679,0.1957652879108844,0.0767743880513116,8.860463128392799e-11,32.42105345,3.671352986,South Sudan-Uganda,0.2991684464550397,348.0,0.3073852295409182,0.2535819962302825,0.3290852910916831,329.0,0.3453093812375249,348.0,0.3073852295409182
4014,0.00E+00,Uganda,,sample_camp,0.2124376599273387,0.4023375907233456,0.3550838763699712,3.2717980302813235e-05,0.0092833163772166,0.1215287261260867,0.5310212576461293,0.0949705967012196,0.1511284857841035,0.7697922667320308,0.0512203829791126,0.6395314864627313,0.3028413044429899,0.301736450283348,8.860463128392799e-11,32.1227561,2.726702285,South Sudan-Uganda,0.2707925032129685,398.0,0.2075848303393213,0.2208925268610623,0.2978717535254049,396.0,0.2115768463073852,398.0,0.2075848303393213
4015,0.00E+00,Uganda,,sample_camp,0.3785232995503466,0.6436454569238323,0.3286012882065572,0.000107155330796,0.0053382871718981,0.213025710470411,0.1990526147701257,0.1425803146359317,0.3070753426269283,0.2961705625747402,0.0526061512982197,0.7573414235811375,0.269745120681948,0.4857501517564576,8.860463128392799e-11,31.28851644,3.757056887,South Sudan-Uganda,0.2494643477744219,445.0,0.1137724550898203,0.1986766401937504,0.2744107825430037,449.0,0.1057884231536926,445.0,0.1137724550898203
4016,000000000000000000fa,Uganda,,sample_camp,0.4237638471921165,0.6320510962505134,0.3690940005447476,0.0014078891495045,0.1964067737721593,0.2125964244096196,0.1915506573557402,0.1425802899897101,0.3114591550444218,0.296157210820184,0.0562043049535819,0.7573414235811375,0.2736567703476127,0.4891749341607639,8.860463128392799e-11,31.27833075,3.775666249,South Sudan-Uganda,0.2662574277975527,409.0,0.18562874251497,0.2171490282191942,0.2928831705684475,409.0,0.18562874251497,409.0,0.18562874251497
4017,109,Uganda,,sample_camp,0.2363052114986854,0.2948273252979076,0.3252644565619411,0.0044037667578191,0.5364816097818275,0.2190531176210172,0.0,0.1453853510110448,0.2551819046189327,0.4787297942846889,0.2391534461396027,0.7289027981965366,0.2233378724700753,0.3222528236846723,8.860463128392799e-11,30.93044954,3.601608709,South Sudan-Uganda,0.2709156032051829,397.0,0.2095808383233532,0.2251168837060476,0.2980071635257012,388.0,0.2275449101796407,397.0,0.2095808383233532
4018,121,Uganda,,sample_camp,0.4533465745881566,0.6961437492578085,0.3884427902567242,0.008061012928024,0.2561254332784311,0.0887979555869048,0.5517933141731867,0.0724614688117276,0.2135235525480659,0.533458878985009,0.1687359276060592,0.7333682457282648,0.4028637961337085,0.4161872948564985,8.860463128392799e-11,32.42055401,3.189770476,South Sudan-Uganda,0.3320792605740061,288.0,0.4271457085828343,0.2919503620585802,0.3652871866225463,278.0,0.4471057884231537,288.0,0.4271457085828343
4019,129,Uganda,,sample_camp,0.5192866244255228,0.6850459234610444,0.4999915967214102,3.212574977785707e-05,0.0270063764700507,0.1673205322948485,0.4603286578835876,0.0,0.1916127139162283,0.1951144790344194,0.2746260290049337,0.8305103887698955,0.6394945318550095,0.6523939274735849,8.860463128392799e-11,31.78396781,3.560727707,South Sudan-Uganda,0.3155537962298545,317.0,0.3692614770459081,0.2640581369758504,0.3471091758439795,311.0,0.3812375249500998,317.0,0.3692614770459081
4020,135,Uganda,,sample_camp,0.2710041455493051,0.434695652096881,0.2609618957034352,0.0028101560175627,0.2002361652869238,0.119620892162206,0.5155939774576509,0.0851705367871809,0.0537115341334537,0.5739891030733413,0.0375964353813885,0.6437605019528353,0.2597558437217664,0.317836320720214,8.860463128392799e-11,32.08633871,2.97328147,South Sudan-Uganda,0.258342751033874,427.0,0.1497005988023952,0.2198009759419779,0.284177026128401,402.0,0.1996007984031936,427.0,0.1497005988023952
4021,141,Uganda,,sample_camp,0.3505563947139785,0.3959594989096011,0.1093738743528737,5.48409207543308e-07,0.0862056797735071,0.2598494076167338,0.0176817478571102,0.1468143554039807,0.2365707498634465,0.5000490057213803,0.0439833473584838,0.7695443122258198,0.2405222572999215,0.4148667193133509,8.860463128392799e-11,30.98886951,3.680461326,South Sudan-Uganda,0.231851505011256,472.0,0.059880239520958,0.1780822242897997,0.2550366555035211,476.0,0.0518962075848303,472.0,0.059880239520958
4022,175,Uganda,,sample_camp,0.4235531148947959,0.5874631341251612,0.2498961809361429,0.0005318153819342,0.0041087990531915,0.1315560342193838,0.4339080642568738,0.0729463198302979,0.1976729532814811,0.6946487094026953,0.0343543273371916,0.8349399909453648,0.493623198542085,0.518582352959029,8.860463128392799e-11,31.80933858,3.324498971,South Sudan-Uganda,0.3102551842394515,330.0,0.343313373253493,0.2577867035688602,0.3412807026545362,323.0,0.3572854291417165,330.0,0.343313373253493
4023,0000000000000000017a,Uganda,,sample_camp,0.6212308659085664,0.7161261497173833,0.2941746557097026,0.000259225922942,0.1527756670252414,0.1555249669904846,0.3865453870671081,0.0263930596607487,0.1481853787419661,0.2566124780329765,0.2774392408362804,0.8167504367732111,0.8083659997354593,0.7637968072742977,8.860463128392799e-11,31.69588848,3.547814504,South Sudan-Uganda,0.3380531755392416,280.0,0.4431137724550898,0.2901834494158446,0.3718584930843053,279.0,0.4451097804391217,280.0,0.4431137724550898
4024,0000000000000000017e,Uganda,,sample_camp,0.34050990407872,0.7304217998491809,0.6183697161123967,5.033053156302338e-05,0.0053382871718981,0.1073707169305431,0.2871519721646685,0.0904863492966474,0.0756332810884984,0.3460102337789246,0.0946616753771756,0.8121595304945777,0.289743190777754,0.5838472708459488,8.860463128392799e-11,31.06666009,2.942334861,South Sudan-Uganda,0.2498673652957626,442.0,0.1197604790419161,0.1936381487758811,0.2748541018164784,453.0,0.0978043912175648,442.0,0.1197604790419161
4025,0000000000000000017f,Uganda,,sample_camp,0.5361206784243658,0.7763823074726621,0.3693817623546392,0.000369078239165,0.0116358394745809,0.1429034965978975,0.3414443155970198,0.177953644233088,0.1442207417744207,0.3221241754314964,0.0494809546084852,0.8971412591835312,0.4156710924694801,0.486192559659804,8.860463128392799e-11,31.38754291,3.355668756,South Sudan-Uganda,0.2819430237215767,374.0,0.2554890219560878,0.2204232001753812,0.3101373260848739,399.0,0.2055888223552894,374.0,0.2554890219560878
4026,0000000000000000018a,Uganda,,sample_camp,0.3292568538357635,0.802298744165317,0.6868751692499525,0.1664865379784707,0.0461799564586571,0.1189427242981788,0.3484725444382315,0.0946835825415442,0.3150332778762985,0.3938484110676831,0.0115690549681661,0.9925824664158474,0.2958239014092249,0.2907493717459359,8.860463128392799e-11,31.42665402,3.150438431,South Sudan-Uganda,0.31738523810588,312.0,0.3792415169660678,0.2498655152748832,0.3491237619076075,335.0,0.3333333333333333,312.0,0.3792415169660678
4027,000000000000000001af,Uganda,,sample_camp,0.1082349185367849,0.4562239820778359,0.3261110493420946,0.0055220582792327,0.1622429483057161,0.0546751268247589,0.4574796108076528,0.0645040003151953,0.2525164181043953,0.9218348996362766,0.0625353738866275,0.6770082974634255,0.1791032964536131,0.3005257124555747,8.860463128392799e-11,31.80741307,3.087002042,South Sudan-Uganda,0.2935583647207399,360.0,0.2834331337325349,0.2307307112291862,0.3229142011839534,375.0,0.2534930139720558,360.0,0.2834331337325349
4028,000000000000000001be,Uganda,,sample_camp,0.1703416285528251,0.3919480089135679,0.1877598227207484,0.0001525384414395,0.1140428107054463,0.1094201771955199,0.5138757042508354,0.0949705853517557,0.0903769193868563,0.5759683945745308,0.0639688167317512,0.677153888533709,0.3079661227567357,0.2981585235693567,8.860463128392799e-11,32.04439285,2.730789751,South Sudan-Uganda,0.2586248528708179,426.0,0.1516966067864271,0.2167719493045287,0.2844873381490392,410.0,0.1836327345309381,426.0,0.1516966067864271
4029,000000000000000001ca,Uganda,,sample_camp,0.2060262391284676,0.27700853557174,0.2323712909996764,0.0006351050078932,0.0053382871718981,0.1741562284775819,0.0553610314835936,1.0,0.3191933721914539,0.5416478989001136,0.0702933440900274,0.6268061394747723,0.2211415703411784,0.3566003927093581,8.860463128392799e-11,30.95427589,3.399276752,South Sudan-Uganda,0.2083255920726234,487.0,0.029940119760479,0.1664775373324085,0.2291581512710253,486.0,0.0319361277445109,487.0,0.029940119760479
4030,000000000000000001f0,Uganda,,sample_camp,0.3223715469959799,0.7176411433330901,0.6276735072253852,0.0015233348085182,0.0052784506470369,0.1009640616172423,0.3269048990862004,0.0999143525070083,0.1969100801587443,0.2530595956163408,0.0483320720792278,0.8290920420362913,0.26080414261757,0.3912788946063669,8.860463128392799e-11,31.04149825,2.738753297,South Sudan-Uganda,0.2491372565535333,447.0,0.1097804391217564,0.1911417780052575,0.2740509822000262,458.0,0.0878243512974051,447.0,0.1097804391217564
4031,000000000000000001f3,Uganda,,sample_camp,0.2523607945619237,0.428315093866967,0.0817131703482501,3.631875307752639e-05,0.0523423698780633,0.1092436771388335,0.5252030162575783,0.0979038263906003,0.0,0.5784462004598244,0.1764685634967936,0.6437605019528353,0.1957907908328594,0.2820159993065276,8.860463128392799e-11,32.05521597,2.942208321,South Sudan-Uganda,0.2463278666114033,453.0,0.0978043912175648,0.2065846030772601,0.2709606532725436,434.0,0.1357285429141716,453.0,0.0978043912175648
4032,98,Uganda,,sample_camp,0.490039551454122,0.6501648190155884,0.1464721177714885,0.0034422389661302,0.1230432502309238,0.1884602459838928,0.2865041048675645,0.1274760488862334,0.1163893828905113,0.3814396941373646,0.0829710439101613,0.7660570009909033,0.2590889314134391,0.4847485992102412,8.860463128392799e-11,31.35181263,3.625492294,South Sudan-Uganda,0.2597782465904621,423.0,0.1576846307385229,0.209150371150418,0.2857560712406479,428.0,0.1477045908183632,423.0,0.1576846307385229
4033,0000000000000000011c,Uganda,,sample_camp,0.5600464360096196,0.6501648190155884,0.2678533918557743,0.0177207163458188,0.0210240934497155,0.1497788006155359,0.300439674904954,0.1299012159227143,0.0866640676548384,0.3467064997948539,0.0622856935674599,0.8309557550456022,0.257527959979096,0.4844584832413821,8.860463128392799e-11,31.35139166,3.585308289,South Sudan-Uganda,0.2475698254965516,451.0,0.1017964071856287,0.1892312325416466,0.2723268080373463,460.0,0.0838323353293413,451.0,0.1017964071856287
4034,0000000000000000015d,Uganda,,sample_camp,0.4918752259177457,0.6501648190155884,0.052836688488578,3.172097106100289e-05,0.0053382871718981,0.178509582194616,0.2787896364670607,0.1274760050010826,0.1076678495695355,0.3787327218293834,0.0989981514010126,0.7660570009909033,0.3932052241033806,0.5096749272125572,8.860463128392799e-11,31.36444556,3.64235549,South Sudan-Uganda,0.2597722721639131,424.0,0.155688622754491,0.2091437992812141,0.285749499371444,429.0,0.1457085828343313,424.0,0.155688622754491
4035,164,Uganda,,sample_camp,0.3221681786180951,0.6501648190155884,0.2139229206138906,3.086110054954497e-05,0.0053382871718981,0.2047987356474959,0.2848027842640005,0.127476006388425,0.1728753895603099,0.37790128284259,0.0532110786811757,0.7621385634163277,0.2433807539938175,0.4697317883491955,8.860463128392799e-11,31.30639032,3.653365077,South Sudan-Uganda,0.2504220505256689,441.0,0.1217564870259481,0.199250399236603,0.2754642555693754,448.0,0.1077844311377245,441.0,0.1217564870259481
4036,0000000000000000002b,Uganda,,sample_camp,0.402709063675727,0.6883830650751759,0.128413829338224,3.48303012566754e-05,0.0053382871718981,0.2118570844450168,0.2771855870352084,0.1464988905369917,0.1875012364512979,0.3047816385472134,0.0338508965662004,0.7946544753172805,0.3117024462739547,0.357547802347039,8.860463128392799e-11,31.4212072,3.695460933,South Sudan-Uganda,0.2559354133884643,433.0,0.1377245508982036,0.2020635071955827,0.2815289547184503,442.0,0.1197604790419161,433.0,0.1377245508982036
4037,000000000000000000b0,Uganda,,sample_camp,0.3344478266978803,0.6883830650751759,0.4551166186085079,7.347719535457391e-05,0.0054706323449813,0.1831248945873624,0.3348204293312892,0.1527554264924957,0.1121709301914148,0.255934152037005,0.0471786568923485,0.869116328492737,0.5186607625369724,0.5140935391762395,8.860463128392799e-11,31.50841001,3.567429065,South Sudan-Uganda,0.2740848480702951,391.0,0.2215568862275449,0.2145817000280509,0.3014933328684641,415.0,0.1736526946107784,391.0,0.2215568862275449
4038,000000000000000000d9,Uganda,,sample_camp,0.6278672868382513,0.6883830650751759,0.1537308004370863,0.0001188677748748,0.0053382871718981,0.21438920075658,0.3037292859264462,0.127476079140327,0.133218014617715,0.3151411923196656,0.0369633617240189,0.8000516565955946,0.428192403358068,0.516177506891837,8.860463128392799e-11,31.42139104,3.61744103,South Sudan-Uganda,0.2659568486735129,412.0,0.1796407185628742,0.2125473678813047,0.2925525335320037,424.0,0.155688622754491,412.0,0.1796407185628742
4039,1.00E+06,Uganda,,sample_camp,0.3009898721574134,0.6883830650751759,0.3071669838943165,0.005708908233493,0.0053315128811677,0.1507883728924757,0.3684185432354373,0.0223563163428341,0.1463509038855985,0.2297208630737406,0.0192103758166609,0.8690357991992247,0.471548213282752,0.4760059369601318,8.860463128392799e-11,31.59063984,3.571365543,South Sudan-Uganda,0.2685905961513029,401.0,0.2015968063872255,0.2085460758465107,0.2954496557575727,430.0,0.1437125748502994,401.0,0.2015968063872255
4040,149,Uganda,,sample_camp,0.1927741588451856,0.4190857746256172,0.2775572680847071,0.0003186302626161,0.0053382871718981,0.0969487199058962,0.4690894981323136,0.072513430911265,0.2659829761418328,0.7799647688509569,0.0606359658807816,0.6753810164957385,0.179322227644688,0.3036825972913543,8.860463128392799e-11,31.83362883,3.032455072,South Sudan-Uganda,0.2683698059273585,402.0,0.1996007984031936,0.2172103096349987,0.2952067865112339,408.0,0.1876247504990019,402.0,0.1996007984031936
4041,180,Uganda,,sample_camp,0.1969909744836358,0.4190857746256172,0.2998743981675944,0.0127527829425657,0.122959438925122,0.0698461535501831,0.4848021659333739,0.0765356387585265,0.2691690467878365,0.9133844667215828,0.3448182404317168,0.6741205366393554,0.1899418250750321,0.2920323996221383,8.860463128392799e-11,31.92161692,3.05988059,South Sudan-Uganda,0.3182618574291809,309.0,0.3852295409181637,0.2587495964999407,0.3500880431632385,321.0,0.3612774451097804,309.0,0.3852295409181637
4042,000000000000000001a2,Uganda,,sample_camp,0.6875051633207888,0.9226572056418908,0.4177638744161444,0.1414199467663379,0.066537083553901,0.1371502322474556,0.5912026295691327,0.0627272983480606,0.3807160588703917,0.483446773076487,0.0229786732320901,0.7999848762058527,0.3124095600647887,0.2884800072997555,8.860463128392799e-11,32.39076778,3.564897422,South Sudan-Uganda,0.3507730035742666,268.0,0.467065868263473,0.2935845833675042,0.3858503039228328,275.0,0.4530938123752495,268.0,0.467065868263473
4043,000000000000000001d5,Uganda,,sample_camp,0.6959371654119733,0.9226572056418908,0.354331081368579,0.1950380335908124,0.2226893419280519,0.1428415386275819,0.5773685228345464,0.062727297712056,0.3835648285452713,0.5045860865454636,0.0302148182935928,0.7999848762058527,0.3609638974943051,0.3781778788234167,8.860463128392799e-11,32.30906179,3.571871791,South Sudan-Uganda,0.3763553772541794,253.0,0.497005988023952,0.3217251944154083,0.4139909149707368,250.0,0.5029940119760479,253.0,0.497005988023952
4044,74,Uganda,,sample_camp,0.5350226915861547,0.5965148915362771,0.3947654004991701,0.0678909677445388,0.1086548027959232,0.1170114399812513,0.5228619821794175,0.0725974999754802,0.3061099890479588,0.6713117805567568,0.0415660971915509,0.8202303825239647,0.4242395859919675,0.4162407409393185,8.860463128392799e-11,32.19416905,3.297547435,South Sudan-Uganda,0.3342174472398374,284.0,0.4351297405189621,0.2856161537114247,0.3676391919549607,282.0,0.4391217564870259,284.0,0.4351297405189621
4045,113,Uganda,,sample_camp,0.5632109126769298,0.5965148915362771,0.4082086580361734,0.1048084663973692,0.0718689981450312,0.1157617121986705,0.5215680568497111,0.072597504906396,0.2984070323246884,0.6893894175186074,0.0579507238597372,0.7853879596921425,0.3901214424834431,0.4137767202525335,8.860463128392799e-11,32.20257357,3.275517969,South Sudan-Uganda,0.3301617000994802,292.0,0.4191616766467065,0.2846390741402141,0.3631778701005678,284.0,0.4351297405189621,292.0,0.4191616766467065
4046,0000000000000000013d,Uganda,,sample_camp,0.5765667931738958,0.5965148915362771,0.406318660753285,0.094373612339954,0.0651976364627458,0.1154941015477867,0.5214333829482939,0.0725975022570734,0.3010805665173925,0.6871838704385297,0.0591464493638141,0.7928823398277264,0.399110436585347,0.4138260690001459,8.860463128392799e-11,32.20039767,3.279424608,South Sudan-Uganda,0.3302197534233156,291.0,0.4211576846307385,0.2839534947828745,0.3632417287567867,285.0,0.4331337325349301,291.0,0.4211576846307385
4047,160,Uganda,,sample_camp,0.5508070363112719,0.5965148915362771,0.3632732053121023,0.000458377362363,0.018334645251119,0.0954063090842411,0.4943688881984907,0.0851704274545695,0.2458060687230248,0.8883736389407028,0.0592999004081835,0.7819519613302264,0.307013762405454,0.3807340702210788,8.860463128392799e-11,32.05662691,3.171849991,South Sudan-Uganda,0.3170480403026079,313.0,0.3772455089820359,0.2599154804387985,0.3487528443240082,319.0,0.3652694610778443,313.0,0.3772455089820359
4048,23,Uganda,,sample_camp,0.1440157469041206,0.503439331779609,0.371576307294115,0.0007817412232874,0.2446423348872996,0.1296733229393572,0.4275970531420133,0.064504009568602,0.2649182435783802,0.4892142813426663,0.070061898490319,0.7290024777488723,0.1685774261256061,0.3412434670608831,8.860463128392799e-11,31.63808404,2.965393377,South Sudan-Uganda,0.2752643737587287,388.0,0.2275449101796407,0.2298905633597143,0.3027908111257411,379.0,0.2455089820359281,388.0,0.2275449101796407
4049,000000000000000000b5,Uganda,,sample_camp,0.2729519233236968,0.5040291978574354,0.3822694715329798,0.0041173101294128,0.0053382871718981,0.1994152135793714,0.1902798954645531,0.1277951444116116,0.1854490585440995,0.3980416522358373,0.0345743428798054,0.6773176477982603,0.2688638316437632,0.4011726032447581,8.860463128392799e-11,31.0901734,3.507029618,South Sudan-Uganda,0.2243114943084583,481.0,0.0419161676646706,0.1790108789594781,0.2467426437304437,475.0,0.0538922155688622,481.0,0.0419161676646706
4050,000000000000000000f0,Uganda,,sample_camp,0.2750484975045571,0.5040291978574354,0.4419244031945465,0.0012561119663529,0.0053382871718981,0.1395851961982589,0.2176937006088526,0.2655433213326449,0.2230822721100826,0.3346094069013189,0.0510118941113703,0.7520731382756712,0.2270018073204659,0.4275955717207348,8.860463128392799e-11,31.10992579,3.373031866,South Sudan-Uganda,0.2232437284191192,483.0,0.0379241516966067,0.170360787433464,0.2455681012521707,484.0,0.0359281437125748,483.0,0.0379241516966067
4051,117,Uganda,,sample_camp,0.2995161145921699,0.5040291978574354,0.4298106240657823,0.0022730712053564,0.0087994202083592,0.1980714454802019,0.1419024495507011,0.1191740651157451,0.1659154015590925,0.4512931672055929,0.082483408368566,0.6942398476621464,0.2117458809245674,0.3702436773650419,8.860463128392799e-11,31.05063758,3.500408846,South Sudan-Uganda,0.2237048445555113,482.0,0.0399201596806387,0.1766513442448478,0.246075329002202,479.0,0.0459081836327345,482.0,0.0399201596806387
4052,0000000000000000011d,Uganda,,sample_camp,0.33836385631939,0.5040291978574354,0.269596603588437,1.4541672492141796e-05,0.0113143436878154,0.1339529809356363,0.2502535233527152,0.2654885241487343,0.224711790444959,0.2333657527577098,0.0437877258823393,0.7520731382756712,0.2284116373819749,0.4246534063113887,8.860463128392799e-11,31.15458584,3.374570396,South Sudan-Uganda,0.2165376938488503,485.0,0.0339321357285429,0.1629841494061682,0.2381914632248748,487.0,0.029940119760479,485.0,0.0339321357285429
4053,000000000000000001df,Uganda,,sample_camp,0.2763469470200113,0.5040291978574354,0.5338815170441426,0.0040588023296536,0.0053382871718981,0.1931708246500228,0.12764504111418,0.1340746043535458,0.1630340877523147,0.5000781141593751,0.0543224331105132,0.7145415771760343,0.2127652234024818,0.3687635107504275,8.860463128392799e-11,31.04074849,3.474861102,South Sudan-Uganda,0.2253621444375013,479.0,0.0459081836327345,0.1764442011636479,0.2478983588723909,480.0,0.0439121756487025,479.0,0.0459081836327345
4054,000000000000000000ed,Uganda,,sample_camp,0.1805721750068229,0.3281761208794405,0.4826680437481206,1.087827828529916e-05,0.0018319252455739,0.1148069873426373,0.2953596287323173,0.1263778761164866,0.1663749890467004,0.5191630203894506,0.1392240540156482,0.5406459333197808,0.0558900470495285,0.1318728505436371,8.860463128392799e-11,30.852941,2.760918604,South Sudan-Uganda,0.1964985076716334,493.0,0.0179640718562874,0.1620837651068186,0.2161483584299363,488.0,0.0279441117764471,493.0,0.0179640718562874
4055,0000000000000000018c,Uganda,,sample_camp,0.2163511901862912,0.3281761208794405,0.5355829660872773,0.0068422746741615,0.0053382871718981,0.1164656628771335,0.2615719257562082,0.1259603046695682,0.2448397803275491,0.3990261040080823,0.1427497348723969,0.6799414787731658,0.2908424788722437,0.5635568043854434,8.860463128392799e-11,30.94918181,2.90526178,South Sudan-Uganda,0.2250721680273531,480.0,0.0439121756487025,0.1795852369527719,0.247579384821228,474.0,0.0558882235528942,480.0,0.0439121756487025
4056,132,Uganda,,sample_camp,0.2204043282442746,0.3221300187491947,0.292163740270202,0.0001053986377856,0.0053382871718981,0.1460998363008183,0.1288188080981566,0.1621419722508707,0.2564511798278509,0.5105564072219965,0.117984367410746,0.6497054297367182,0.2131612514810136,0.2797033516434153,8.860463128392799e-11,30.96524614,3.312075623,South Sudan-Uganda,0.2136682713386166,486.0,0.0319361277445109,0.1700645554988065,0.2350350984636178,485.0,0.0339321357285429,486.0,0.0319361277445109
4057,0000000000000000010d,Uganda,,sample_camp,0.0212701388677654,0.4111502668380416,0.3310724320054382,0.0024639479140311,0.1226993317244362,0.0516989689621626,0.5276860673914499,0.0975437266646896,0.0830325220545152,0.7068783528192382,0.0370775030061971,0.6601189967621331,0.4007899738187145,0.3919844274964357,8.860463128392799e-11,32.15865213,2.666556329,South Sudan-Uganda,0.2730541755799567,393.0,0.217564870259481,0.2296717578560286,0.300359593129092,380.0,0.2435129740518962,393.0,0.217564870259481
4058,111,Uganda,,sample_camp,0.0954109652593779,0.4111502668380416,0.0,0.0001481737134339,0.0564241082874207,0.0710118121314384,0.5279504827522877,0.108587734795845,0.1537613373483871,0.6879449717729416,0.0506284029585495,0.6468999168191322,0.3611996079038815,0.3324505299593071,8.860463128392799e-11,32.20316897,2.634767293,South Sudan-Uganda,0.2697380982376472,400.0,0.2035928143712574,0.2279174108841178,0.2967119080525514,384.0,0.2355289421157684,400.0,0.2035928143712574
4059,124,Uganda,,sample_camp,0.1884575028726856,0.4111502668380416,0.1985661283297551,0.0,0.0024436017015776,0.0541403707578774,0.5162567929299317,0.0935359089514269,0.1264465988141602,0.653565523568476,0.0506988713372394,0.6601189967621331,0.4679369170974227,0.4437468921719193,8.860463128392799e-11,32.16640064,2.616118433,South Sudan-Uganda,0.2675234490814059,404.0,0.1956087824351297,0.2282638943133331,0.2942757939895465,383.0,0.2375249500998004,404.0,0.1956087824351297
4060,0000000000000000010f,Uganda,,sample_camp,0.1916142246159879,0.3673037396144282,0.3554113608867881,2.38404064262397e-05,0.001316586142383,0.0987657073278122,0.2061268638201627,0.2570579271003855,0.1975678008063373,0.3393718854485609,0.0618290972483237,0.6654881892006291,0.2543415412849206,0.5858823519667311,8.860463128392799e-11,30.9396725,3.078603684,South Sudan-Uganda,0.1992850228535081,491.0,0.0219560878243512,0.152664706218796,0.2192135251299984,493.0,0.0179640718562874,491.0,0.0219560878243512
4061,195,Uganda,,sample_camp,0.1439067102958768,0.3673037396144282,0.3906662056098878,0.0009807922573167,0.0057153102312003,0.1466895278060172,0.1262761020303992,0.2344974130172512,0.1818386094352524,0.2941609406188476,0.0601746973812803,0.6437209738544952,0.2034140632369546,0.5313629469685759,8.860463128392799e-11,30.82093717,3.071019086,South Sudan-Uganda,0.1845704324140724,499.0,0.0059880239520958,0.1386553782700301,0.2030274756466192,498.0,0.0079840319361277,499.0,0.0059880239520958
4062,000000000000000001ba,Uganda,,sample_camp,0.2003217162616674,0.3673037396144282,0.3550436151904807,0.0010706215111762,0.0053382871718981,0.1206478855995462,0.149368859227261,0.2881685374723707,0.2676943716188281,0.3494917031684753,0.072323136335096,0.6437209738544952,0.2042828080873178,0.531177123061351,8.860463128392799e-11,30.87757389,3.089962186,South Sudan-Uganda,0.1982947623888297,492.0,0.0199600798403193,0.1537521412422631,0.2181242386188522,492.0,0.0199600798403193,492.0,0.0199600798403193
4063,16,Uganda,,sample_camp,0.7178221091350111,0.733264923337945,0.5092092632896918,0.0011286160058264,0.2368880361844265,0.1564495521702424,0.4588712818067509,0.0311926190154172,0.2169981576377958,0.1978180191048055,0.1320750127089288,0.8193870345873316,0.5896761134639917,0.592987411565437,8.860463128392799e-11,31.92859459,3.619625298,South Sudan-Uganda,0.3220506133724227,303.0,0.3972055888223553,0.2723169712509318,0.3542556747008045,302.0,0.3992015968063872,303.0,0.3972055888223553
4064,0000000000000000003d,Uganda,,sample_camp,0.549954439342282,0.733264923337945,0.2898247293546279,1.998389937357198e-05,0.2843696242191374,0.1808226043095751,0.394081058008182,0.0257933122277277,0.276361650693287,0.2498234802974754,0.7788915837542517,0.7204270900543375,0.2722822615358021,0.3951340051030663,8.860463128392799e-11,31.90209912,3.664464814,South Sudan-Uganda,0.3536676600179974,265.0,0.4730538922155688,0.311145267644372,0.3890344260109367,259.0,0.4850299401197604,265.0,0.4730538922155688
4065,41,Uganda,,sample_camp,0.2493943233764594,0.733264923337945,0.3129480460647953,0.0004557824380856,0.0195581077203889,0.2021024731515619,0.4177743333490068,0.0257924179016756,0.2813662310744451,0.3259955650976956,0.2741421270658326,0.5383849751979597,0.2718759482695299,0.3947899053716738,8.860463128392799e-11,31.83259262,3.664552786,South Sudan-Uganda,0.2786291333446414,380.0,0.2435129740518962,0.2331655543453111,0.3064920466702451,368.0,0.2674650698602794,380.0,0.2435129740518962
4066,67,Uganda,,sample_camp,0.6061557153090346,0.733264923337945,0.3617857473374267,5.664741939815811e-05,0.1026518682316093,0.1731349121632448,0.391173627253582,0.0265617128442299,0.2577821571874433,0.235156446346898,0.60249642974801,0.7520596348880398,0.3660889488417436,0.4745771897894175,8.860463128392799e-11,31.90377692,3.653568595,South Sudan-Uganda,0.3285332359551381,294.0,0.4151696606786427,0.2861805960618479,0.3613865595417914,281.0,0.4411177644710579,294.0,0.4151696606786427
4067,28,Uganda,,sample_camp,0.3840948041951647,0.7911975157209347,0.4645785549717994,0.0015129388583452,0.1339353602291178,0.1477714252468852,0.397401434516919,0.0482468621854704,0.092109475274405,0.3388286737666515,0.0365102362824607,0.937737352727144,0.6900743814956676,0.6747176698716608,8.860463128392799e-11,31.58470339,3.468959304,South Sudan-Uganda,0.3242798903824669,299.0,0.405189620758483,0.2629341441479992,0.3567078794118531,315.0,0.373253493013972,299.0,0.405189620758483
4068,0000000000000000008c,Uganda,,sample_camp,0.6458088152862393,0.7911975157209347,0.4789606912024384,0.0005976998721607,0.0083797976334937,0.1405153264749035,0.3844572476815697,0.0482468514043155,0.1899831036976782,0.3837441650993454,0.0252867523833617,0.937737352727144,0.6008384883739637,0.6328225925244227,8.860463128392799e-11,31.56900419,3.424108353,South Sudan-Uganda,0.3147943136139237,319.0,0.3652694610778443,0.2525000097026016,0.3462737449664556,333.0,0.3373253493013972,319.0,0.3652694610778443
4069,0000000000000000014d,Uganda,,sample_camp,0.4718091664620121,0.7911975157209347,0.245336933726588,3.773378369158797e-05,0.0287861341991375,0.1604273104471341,0.3163474925877211,0.1761667496241896,0.0719394948192742,0.3063739360944325,0.0539020482202109,0.8741859912419485,0.6462794068951024,0.6709656455234992,8.860463128392799e-11,31.41049371,3.529837683,South Sudan-Uganda,0.2954070058271084,352.0,0.2994011976047904,0.2375291072856244,0.3249477064009587,359.0,0.2854291417165668,352.0,0.2994011976047904
4070,000000000000000001de,Uganda,,sample_camp,0.5981314811523433,0.7911975157209347,0.4011868411678139,0.0013027998585448,0.0072687774346221,0.1549283032489508,0.3225460240969923,0.2243894621563498,0.1201719903106189,0.3648624517341588,0.0550798210968215,0.9243766099720798,0.6010298336071989,0.6371322017947202,8.860463128392799e-11,31.4103827,3.469049923,South Sudan-Uganda,0.3038876479245024,342.0,0.3193612774451098,0.2418387517197447,0.3342764127080923,349.0,0.3053892215568862,342.0,0.3193612774451098
4071,62,Uganda,,sample_camp,0.2830670965953602,0.5340170030905284,0.3307748637817149,0.0023347095650771,0.0053382871718981,0.0144646681420773,0.5750000000243619,0.099321969956713,0.2930528923586905,0.9049551315180208,0.0440414027827923,0.6430973628620505,0.2806830698785413,0.2596671882661602,8.860463128392799e-11,32.48553397,2.764939306,South Sudan-Uganda,0.2997258661347857,346.0,0.311377245508982,0.2392029395964622,0.3296984527394039,355.0,0.2934131736526946,346.0,0.311377245508982
4072,120,Uganda,,sample_camp,0.2383004618281499,0.5340170030905284,0.2962754857123501,0.0006056265007802,0.0100817331871279,0.0228790697545462,0.5820596226962059,0.0836889074960468,0.2070854587530707,0.7090598440930715,0.0344108682851006,0.644525284725066,0.304000605847018,0.2736396156264252,8.860463128392799e-11,32.44514628,2.874713485,South Sudan-Uganda,0.2771568288201018,383.0,0.2375249500998004,0.2339665272928048,0.3048725116932516,367.0,0.2694610778443114,383.0,0.2375249500998004
4073,1.00E+08,Uganda,,sample_camp,0.2796167725857801,0.5340170030905284,0.1759756095123704,1.0712328252720891e-05,0.0708636094067399,0.0193644276590211,0.5841817054146973,0.0836890390762818,0.1545594256214665,0.6471160542139566,0.0300956702230879,0.6484277637506223,0.3108350584089037,0.2851791519772276,8.860463128392799e-11,32.45850651,2.900903551,South Sudan-Uganda,0.2726792209278073,394.0,0.2155688622754491,0.2351043666455258,0.2999471430117276,364.0,0.2754491017964072,394.0,0.2155688622754491
4074,1.00E+09,Uganda,,sample_camp,0.2917923981159483,0.5340170030905284,0.2627647743384188,1.6802402843284134e-05,0.0089198784184627,0.0074897535631318,0.5787844205737882,0.0836889294845883,0.2194232692710994,0.801680445685787,0.0922096057447262,0.644525284725066,0.3398187380696492,0.3629046109233992,8.860463128392799e-11,32.4907076,2.830887393,South Sudan-Uganda,0.293353200148517,361.0,0.281437125748503,0.24252047559479,0.3226885201545083,346.0,0.311377245508982,361.0,0.281437125748503
4075,0000000000000000002a,Uganda,,sample_camp,0.5507086871613246,0.8303005508302603,0.3571199861123783,0.0033804904351888,0.2114016936931955,0.089352653884313,0.5809454756623564,0.0627273030132084,0.2716061754740095,0.6641876439242905,0.0544015675307585,0.7192763559119795,0.4285868382470685,0.4402385077652127,8.860463128392799e-11,32.43618219,3.444770401,South Sudan-Uganda,0.3503126768801841,269.0,0.4650698602794411,0.3023138894851765,0.3853439445593421,265.0,0.4730538922155688,269.0,0.4650698602794411
4076,100,Uganda,,sample_camp,0.4611578799218443,0.6238483094861412,0.3723118815286625,0.024780831033524,0.0132844389009281,0.107573502758299,0.4137374322113665,0.070186625273715,0.2277457563248995,0.4757134513387344,0.040830519580342,0.9083461247241628,0.4331014499103268,0.5166765585437773,8.860463128392799e-11,31.69555233,3.316916738,South Sudan-Uganda,0.2971783469415754,350.0,0.3033932135728543,0.2360615691633166,0.3268961816268724,362.0,0.279441117764471,350.0,0.3033932135728543
4077,1.00E+03,Uganda,,sample_camp,0.2375175748409105,0.6238483094861412,0.3631467678116964,7.180807081727757e-05,0.0053382871718981,0.0481737144816661,0.4378839825638764,0.0645039923605416,0.3013570751193762,0.788174470176835,0.0440890890958875,0.7357760225010633,0.1733010380985274,0.2535455896400082,8.860463128392799e-11,31.75388715,3.18148681,South Sudan-Uganda,0.2870921633504266,364.0,0.2754491017964072,0.2369839326677858,0.3158013796766089,360.0,0.2834331337325349,364.0,0.2754491017964072
4078,000000000000000001ed,Uganda,,sample_camp,0.4303752476625833,0.6238483094861412,0.2674251715482983,3.4378163255632105e-05,0.0066427854963202,0.0706830922495583,0.4299199043141382,0.0937426777965968,0.1345021960217983,0.4894928677503984,0.0209050888345652,0.8234039241335489,0.43470060320184,0.5167269149463308,8.860463128392799e-11,31.77449559,3.330698368,South Sudan-Uganda,0.2758302863400154,386.0,0.2315369261477046,0.221072922560662,0.3034133149651564,395.0,0.2135728542914171,386.0,0.2315369261477046
4079,000000000000000000da,Uganda,,sample_camp,0.4937498168364,0.8026015395349597,0.4941286245895711,5.685716792341778e-06,0.009447853125927,0.1123990510239382,0.3435711522331454,0.1146626433839549,0.3200580239273689,0.379812930830901,0.0282495858729694,0.9925824664158474,0.3050416997215084,0.3919830752049826,8.860463128392799e-11,31.44586881,3.183093771,South Sudan-Uganda,0.2994336353174511,347.0,0.3093812375249501,0.2301187522076115,0.3293769988403358,377.0,0.249500998003992,347.0,0.3093812375249501
4080,199,Uganda,,sample_camp,0.2916515598025296,0.8026015395349597,0.7416064009724979,0.0002989291128303,0.1876071344492751,0.1144565334472228,0.3701531468900516,0.063330584111833,0.3892166495086335,0.5206512974304144,0.12638093690891,0.9237119977844624,0.2633943525354484,0.7144719779574004,8.860463128392799e-11,31.57875724,3.16075797,South Sudan-Uganda,0.3362247743355284,281.0,0.4411177644710579,0.2774760519906351,0.3698472517602208,292.0,0.4191616766467065,281.0,0.4411177644710579
4081,000000000000000001c4,Uganda,,sample_camp,0.7465900711710738,0.8026015395349597,0.3234706905395993,0.0004377030419209,0.182063171776603,0.1531388024070674,0.3289303559079221,0.0374395593836669,0.2050544569698655,0.4305202265659711,0.0303110535888681,0.972506366233478,0.4063356058013621,0.5322339198603855,8.860463128392799e-11,31.46250194,3.286673444,South Sudan-Uganda,0.3192635710833293,305.0,0.3932135728542914,0.2539392915683144,0.3511899281828018,328.0,0.3473053892215569,305.0,0.3932135728542914
4082,0000000000000000014e,Uganda,,sample_camp,0.3415568801538212,0.6834736787891805,0.4271506420803821,0.0001740967470553,0.1209055871848386,0.18501552743437,0.3284222738196607,0.0222283226303673,0.2052666438043219,0.176337954423461,0.0731541306380356,0.7382309383725029,0.2347086857139007,0.3028708744561409,8.860463128392799e-11,31.67802774,3.692830834,South Sudan-Uganda,0.2496081379105392,444.0,0.1157684630738523,0.2007458578643429,0.2745689516927326,446.0,0.1117764471057884,444.0,0.1157684630738523
4083,0000000000000000000a,Uganda,,sample_camp,0.3871089051042062,0.5713780940284858,0.1982301835805195,0.0010989314664676,0.0143787881363581,0.0973946601182216,0.4673454182398784,0.0746312673534999,0.1938754359375954,0.8854821706234719,0.0473012266973806,0.8210121059097698,0.4130368130268505,0.427336220382436,8.860463128392799e-11,31.94749038,3.246198071,South Sudan-Uganda,0.3193003312975531,304.0,0.3952095808383233,0.2626821473649613,0.351230364418448,316.0,0.3712574850299401,304.0,0.3952095808383233
4084,0000000000000000002c,Uganda,,sample_camp,0.4802776239794517,0.5713780940284858,0.2592885611413489,0.0108030972130275,0.3118543094376588,0.086467455728924,0.4786736272292202,0.083632293921541,0.2919343132991685,1.0,0.0658111718315278,0.7512290537906218,0.3282241680935219,0.3907858629891311,8.860463128392799e-11,31.98186944,3.183530464,South Sudan-Uganda,0.3542159355218874,264.0,0.4750499001996008,0.2896375290740761,0.3896375290652156,280.0,0.4431137724550898,264.0,0.4750499001996008
4085,79,Uganda,,sample_camp,0.1419385772834815,0.3889627896523923,0.1873973374871934,0.0014537637752032,0.2163105163961481,0.1338518740783437,0.4975412508359705,0.073474842549496,0.1782908548207554,0.731256409757681,0.0533129409464538,0.6521686931568762,0.2030164435541548,0.2819575100037868,8.860463128392799e-11,31.93490111,2.912908688,South Sudan-Uganda,0.2778332306420531,382.0,0.2395209580838323,0.2324909127304903,0.3056165536973979,370.0,0.2634730538922156,382.0,0.2395209580838323
4086,000000000000000000d1,Uganda,,sample_camp,0.1397211328560126,0.3889627896523923,0.2637760465263492,2.8778996660591752e-05,0.0469396447762795,0.1033802652856081,0.5062258314118284,0.0734748652985686,0.2491120536887544,0.638167581057641,0.0524176004372019,0.6593642801515913,0.285935660407434,0.285937896277198,8.860463128392799e-11,31.96781041,2.845098976,South Sudan-Uganda,0.2664122259958179,407.0,0.1896207584830339,0.2271170205802405,0.2930534485865391,385.0,0.2335329341317365,407.0,0.1896207584830339
4087,0000000000000000011f,Uganda,,sample_camp,0.1538544416097252,0.3889627896523923,0.2704940406050356,0.0018121372181955,0.2722947340151435,0.0910706468667979,0.477397525150097,0.0908067859308383,0.1471631688773729,0.453424687772185,0.0739296783779829,0.6829154157619396,0.2232412998202672,0.3447141032946642,8.860463128392799e-11,31.82324519,2.820620743,South Sudan-Uganda,0.2556556439637253,434.0,0.1357285429141716,0.2129296667839039,0.2812212083512374,422.0,0.1596806387225549,434.0,0.1357285429141716
4088,000000000000000001da,Uganda,,sample_camp,0.1261522238682108,0.3889627896523923,0.187803138696522,2.5909972086646667e-05,0.008833017768855,0.1142710870494142,0.4790603248348604,0.1111216186809963,0.1482284098638199,0.5004199317849906,0.0688164118934306,0.6829154157619396,0.2360739056759016,0.3385356095231829,8.860463128392799e-11,31.86032281,2.810068796,South Sudan-Uganda,0.2388733822132995,463.0,0.0778443113772455,0.1944691788584356,0.262760720425769,452.0,0.0998003992015968,463.0,0.0778443113772455
4089,13,Uganda,,sample_camp,0.5262802471984571,0.7225797944019678,0.2660237035001886,0.0008297938123547,0.250298228563145,0.1026271065874939,0.5768271461963947,0.0628597075836521,0.2693646202551036,0.4990842520437973,0.1746785297521128,0.8004427638046362,0.3965006415330764,0.4004209126192893,8.860463128392799e-11,32.43344613,3.27362914,South Sudan-Uganda,0.3448393524580625,276.0,0.4510978043912175,0.2992790113234052,0.3793232876950083,269.0,0.4650698602794411,276.0,0.4510978043912175
4090,000000000000000000bc,Uganda,,sample_camp,0.4778960036323557,0.7225797944019678,0.2647950437245417,4.8813749581381e-05,0.2587467916383925,0.1026271065874939,0.5763427301336599,0.0627273086260949,0.2693646202551036,0.4990842520437973,0.2661615624883522,0.8004427638046362,0.4061848425138048,0.422059980144006,8.860463128392799e-11,32.43645889,3.284695766,South Sudan-Uganda,0.3546893888823086,263.0,0.4770459081836327,0.3101140513900758,0.390158327761679,261.0,0.4810379241516966,263.0,0.4770459081836327
4091,123,Uganda,,sample_camp,0.4968204332395822,0.7225797944019678,0.4189167131125142,0.0005930630936919,0.0603075845707658,0.1026019650427661,0.5706972943344681,0.0724173437175692,0.1657162390356327,0.5338612393917491,0.0756021534943785,0.7333682457282648,0.4190355251258824,0.4519822706958669,8.860463128392799e-11,32.48495649,3.169548955,South Sudan-Uganda,0.3076693731189248,337.0,0.3293413173652694,0.2650994858579907,0.3384363104219567,309.0,0.3852295409181637,337.0,0.3293413173652694
4092,155,Uganda,,sample_camp,0.4928222274905616,0.7225797944019678,0.2824494052472141,0.0006214302935887,0.2385227583575255,0.1357420228295914,0.576661278183603,0.0642373673839959,0.2876805506364314,0.5246681315252509,0.1489056791523538,0.8004427638046362,0.3959880403313817,0.3992755208592981,8.860463128392799e-11,32.45207514,3.263571743,South Sudan-Uganda,0.3483465863277214,271.0,0.4610778443113772,0.30313696858003,0.3831812449516331,264.0,0.4750499001996008,271.0,0.4610778443113772
4093,178,Uganda,,sample_camp,0.2617269947428859,0.7315506332286935,0.5683537229594482,6.38617361413155e-05,0.0015355911100927,0.1065713993873698,0.2281986417012897,0.2104353913578912,0.2025594271874839,0.1983695592379218,0.1043142568982378,0.7154922156653047,0.2607271955263665,0.6110558418924511,8.860463128392799e-11,30.9979404,3.097237497,South Sudan-Uganda,0.2317620710697734,473.0,0.0578842315369261,0.1817832148538813,0.2549382781678903,468.0,0.0678642714570858,473.0,0.0578842315369261
4094,30,Uganda,,sample_camp,0.6039961817253547,0.8853606240705405,0.2255467932607382,0.0033021760956595,0.2423010048902527,0.1379547679657037,0.5747307266229199,0.0627273052254345,0.2127544659583526,0.6919605528933129,0.0626818548868519,0.8256815773528057,0.425523565969978,0.4385483862137995,8.860463128392799e-11,32.37721486,3.380487778,South Sudan-Uganda,0.3692955742540894,258.0,0.4870259481037924,0.3176890692724441,0.4062251316706378,254.0,0.4950099800399201,258.0,0.4870259481037924
4095,0.00E+00,Uganda,,sample_camp,0.716324021118617,0.8853606240705405,0.5716911241423543,0.0045376930788531,0.0209229355773533,0.1263279131771613,0.5760955900013635,0.0627272997195237,0.346436213215841,0.5966235173245817,0.0387721051167583,0.7999848762058527,0.4153816345032233,0.4229098890284332,8.860463128392799e-11,32.35068909,3.536098131,South Sudan-Uganda,0.3464039183963758,274.0,0.4550898203592814,0.2925082478289593,0.3810443102271529,276.0,0.4510978043912175,274.0,0.4550898203592814
4096,89,Uganda,,sample_camp,0.638603045699445,0.7155045021054754,0.4248927437725622,0.0016929807369563,0.0053382871718981,0.1426815355484813,0.4795436968419106,0.0747700997621712,0.1457190960319592,0.2811876992205466,0.0188579137675455,0.8787162550343087,0.7950768333180516,0.7825590246172929,8.860463128392799e-11,31.90745342,3.477971767,South Sudan-Uganda,0.3149380727150671,318.0,0.3672654690618762,0.258560254483143,0.3464318799777134,322.0,0.3592814371257485,318.0,0.3672654690618762
4097,73,Uganda,,sample_camp,0.3009537195680327,0.6662508960137599,0.40945267463517,4.775877788576761e-05,0.242003264769903,0.100791478335341,0.5365994258896241,0.0724614707423065,0.19669254569448,0.5449023892768848,0.0990560769861164,0.6599545009491655,0.3572582401013527,0.3885987473547679,8.860463128392799e-11,32.33488675,3.185950997,South Sudan-Uganda,0.3094142342621016,333.0,0.3373253493013972,0.2737305680869358,0.3403556576794513,298.0,0.4071856287425149,333.0,0.3373253493013972
4098,000000000000000000ac,Uganda,,sample_camp,0.5737097189342218,0.6662508960137599,0.2101869876012859,1.0,0.2236732574428958,0.1037194529524274,0.5728344934473938,0.0655985073217751,0.21804053903155,0.4558266829995987,0.0486301110827242,0.7771661152374191,0.4041202194812488,0.4174466405488007,8.860463128392799e-11,32.38979444,3.28248137,South Sudan-Uganda,0.4063874334343293,222.0,0.5588822355289421,0.3470261767777622,0.4470261767689018,223.0,0.5568862275449101,221.0,0.5608782435129741
4099,000000000000000000c1,Uganda,,sample_camp,0.4224317099494352,0.6662508960137599,0.4482972777799058,0.0016822917500939,0.2434133762953617,0.0981155604352408,0.5175484289429325,0.0725975297949846,0.167527807158988,0.5614093209120765,0.0571288421654278,0.7648895717511096,0.3831428205363439,0.4030862862665881,8.860463128392799e-11,32.27963507,3.204574384,South Sudan-Uganda,0.3146462650954491,321.0,0.3612774451097804,0.269621934429883,0.3461108915961335,303.0,0.3972055888223553,321.0,0.3612774451097804
4100,000000000000000000f9,Uganda,,sample_camp,0.6453866951839333,0.6662508960137599,0.1073784814205892,0.0035904579574834,0.0911571385111106,0.1270067097369807,0.5862432328303931,0.0627273078112402,0.2458214186231185,0.5216346322793879,0.0260952662248482,0.8255264111531107,0.4096426154683193,0.4297862730853609,8.860463128392799e-11,32.38581048,3.308662587,South Sudan-Uganda,0.3184517071715561,307.0,0.3892215568862275,0.2677442367734006,0.3502968778798512,305.0,0.3932135728542914,307.0,0.3892215568862275
4101,000000000000000000fc,Uganda,,sample_camp,0.7161879515276232,0.6662508960137599,0.3702044345266082,0.0015556462263717,0.2480433757652871,0.1063610943579399,0.5387455266638043,0.0725975029173147,0.2804002971635191,0.5137665840142086,0.050501891228009,0.7769147067113309,0.4012526677638676,0.3765446470225533,8.860463128392799e-11,32.30739049,3.287287181,South Sudan-Uganda,0.3257993350906094,298.0,0.4071856287425149,0.2806877979285372,0.3583792685908098,286.0,0.4311377245508982,298.0,0.4071856287425149
4102,000000000000000000d8,Uganda,,sample_camp,0.3842186836436252,0.4796819656012051,0.3083021047722431,0.0010558851446716,0.0497742928667576,0.2540047686198617,0.0452058256580428,0.1191685826310266,0.1881721436045461,0.4792103042892886,0.0390570122266122,0.7730593667844164,0.2353481904065003,0.445619444493931,8.860463128392799e-11,31.07939299,3.728597541,South Sudan-Uganda,0.231324523208228,474.0,0.0558882235528942,0.1771510388506091,0.2544569755201903,478.0,0.0479041916167664,474.0,0.0558882235528942
4103,136,Uganda,,sample_camp,0.2829924108887643,0.4493285670226756,0.2223313871795749,0.0111785304345826,0.1584396314194233,0.0439638228574413,0.5581890133182253,0.1289489703638975,0.0352544730926538,0.620495823910651,0.0620831627234245,0.6524127361988012,0.2953545747227794,0.2741820850051389,8.860463128392799e-11,32.31178211,2.914140133,South Sudan-Uganda,0.2624273032535693,419.0,0.1656686626746507,0.2234287599590461,0.2886700335700657,392.0,0.2195608782435129,419.0,0.1656686626746507
4104,15,Uganda,,sample_camp,0.6816121149163203,0.7848902754868073,0.381711810705023,0.0042147259872472,0.0154605382866022,0.1326238425875499,0.5097092533579507,0.0725974495129891,0.2285684907288834,0.518971950744987,0.0330052182108351,0.8740713352051485,0.5698211498344133,0.5655070264302344,8.860463128392799e-11,32.07963274,3.470687471,South Sudan-Uganda,0.3337578891380936,285.0,0.4331337325349301,0.2797265445313881,0.3671336780430425,288.0,0.4271457085828343,285.0,0.4331337325349301
4105,0000000000000000013c,Uganda,,sample_camp,0.8099723991022765,0.7848902754868073,0.4395966794923583,0.0001008522517607,0.2803315991575119,0.1280587755625115,0.5194486579896889,0.0725974507248244,0.2426203421747209,0.6212722998446103,0.1030037260098382,0.836376751389376,0.5276224758442055,0.5127224227290713,8.860463128392799e-11,32.1772453,3.45400864,South Sudan-Uganda,0.3676114323454215,260.0,0.4830339321357285,0.320734900441026,0.4043725755711032,252.0,0.499001996007984,260.0,0.4830339321357285
4106,000000000000000001b2,Uganda,,sample_camp,0.7419560038205746,0.7848902754868073,0.3984305140142093,0.0001601892831238,0.0712365788473301,0.1298574490760023,0.4991660357701468,0.0740519473925879,0.2119362255981648,0.5488138268746523,0.0365386290337557,0.8740713352051485,0.6388654930701567,0.6786098141825359,8.860463128392799e-11,32.04974962,3.433914176,South Sudan-Uganda,0.3450487307576266,275.0,0.4530938123752495,0.2921464703128745,0.3795536038245288,277.0,0.4491017964071856,275.0,0.4530938123752495
4107,0000000000000000009f,Uganda,,sample_camp,0.5050319854198227,0.7741744220522474,0.2621860198832443,0.0001977510898954,0.0114651310000837,0.13540683366801,0.3384474090071364,0.2265371396737243,0.1481903652289871,0.3305431300104592,0.0608043947115764,0.8758473989529229,0.4001381009025098,0.4851073619529494,8.860463128392799e-11,31.357188,3.396598535,South Sudan-Uganda,0.2795649942465849,377.0,0.249500998003992,0.219936753775951,0.3075214936623829,401.0,0.2015968063872255,377.0,0.249500998003992
4108,000000000000000000ea,Uganda,,sample_camp,0.412405045545995,0.7741744220522474,0.4860159037250816,9.367250391123648e-05,0.0057129730096006,0.1608967953168752,0.3391322733344097,0.2265371077481337,0.2287437637635168,0.3089777767096446,0.0518587489259876,0.8187968137897579,0.3356864887233758,0.4361532811407204,8.860463128392799e-11,31.30744045,3.415657146,South Sudan-Uganda,0.2749157934743574,389.0,0.2255489021956087,0.2205276914428174,0.3024073728129327,398.0,0.2075848303393213,389.0,0.2255489021956087
4109,0000000000000000018b,Uganda,,sample_camp,0.4140447078844136,0.7741744220522474,0.1977850117424815,0.0008767343269824,0.0055107303030512,0.1707688218364708,0.329942553959154,0.180015331175213,0.0953566741310344,0.2889119022696209,0.0739360891705813,0.8307028734226817,0.3363919062825695,0.4652500184403911,8.860463128392799e-11,31.31035408,3.508091518,South Sudan-Uganda,0.2642338825311816,415.0,0.1736526946107784,0.2075869834420317,0.2906572707754393,432.0,0.1397205588822355,415.0,0.1736526946107784
4110,0000000000000000007e,Uganda,,sample_camp,0.2623569299417367,0.7490314836715413,0.3774904239644066,1.3423664191806945e-05,0.2370646242320104,0.1730965554329661,0.3735760716122647,0.0633305892090627,0.3447902847231755,0.4983177200671333,0.0500234044541744,0.7838974312137436,0.2241835129017081,0.4304926277802091,8.860463128392799e-11,31.56653371,3.04445258,South Sudan-Uganda,0.3121813192783194,326.0,0.3512974051896207,0.265009708084777,0.3433994511972909,310.0,0.3832335329341317,326.0,0.3512974051896207
4111,000000000000000000ec,Uganda,,sample_camp,0.1087026251721115,0.7490314836715413,0.4636199598980842,0.0145171156004989,0.2915014915947395,0.1798745499158965,0.3728562659160754,0.0633305909515982,0.3374612740443977,0.5100974478893887,0.2945808172653252,0.8269968073081319,0.2344460765580882,0.4782617964743793,8.860463128392799e-11,31.50445978,3.013044365,South Sudan-Uganda,0.3464875754411534,273.0,0.4570858283433133,0.2984366522544556,0.3811363329764083,270.0,0.4630738522954092,273.0,0.4570858283433133
4112,0000000000000000016d,Uganda,,sample_camp,0.0857929466340284,0.7490314836715413,0.4452356781027988,0.00011374766287,0.2871969137134852,0.1635580960398081,0.3677847113443683,0.0633305937012106,0.3023653034847897,0.5318537372275066,0.1033387511615126,0.9251679084872964,0.2407420762383972,0.6170863777156573,8.860463128392799e-11,31.48974397,2.956356191,South Sudan-Uganda,0.3337411571927436,286.0,0.4311377245508982,0.2745984820632884,0.3671152729031576,296.0,0.4111776447105788,286.0,0.4311377245508982
4113,000000000000000001cf,Uganda,,sample_camp,0.3590769133401426,0.7490314836715413,0.2906346645793812,8.162519180062246e-06,0.0053382871718981,0.1271575590053476,0.3484005721760372,0.094683629343457,0.2865558406720746,0.4005631525505575,0.0518498936020831,0.9874668921486884,0.2810794958581401,0.5225158952810581,8.860463128392799e-11,31.41781547,3.092379249,South Sudan-Uganda,0.2943137581331048,357.0,0.2894211576846307,0.2249984447315464,0.3237451339375549,389.0,0.2255489021956087,357.0,0.2894211576846307
4114,0000000000000000008f,Uganda,,sample_camp,0.1195618609770594,0.128322972304906,0.4718978986429154,0.0181744305873505,0.0006669298353841,0.0451737039007159,0.3311355089013709,0.1608035466921404,0.2651432712228152,0.4265618382715876,0.1105349271460469,0.5580331407504739,0.0,0.0794488932624392,8.860463128392799e-11,30.89861524,2.591949232,South Sudan-Uganda,0.1712497020917505,501.0,0.0019960079840319,0.1325713582258781,0.1883746723009255,501.0,0.0019960079840319,501.0,0.0019960079840319
4115,131,Uganda,,sample_camp,0.2305289967936283,0.128322972304906,0.5247582177929127,0.0001998604961815,0.2366514655356315,0.0758406359021548,0.3374988270696053,0.1259221588373606,0.2745511287121641,0.3812360678638831,0.3096660845481029,0.6914593773907133,0.2865372971249799,0.4198726064593456,8.860463128392799e-11,30.97604066,2.71516592,South Sudan-Uganda,0.247451247003357,452.0,0.0998003992015968,0.2030504339646214,0.2721963716948323,439.0,0.1257485029940119,452.0,0.0998003992015968
4116,154,Uganda,,sample_camp,0.1718643038567062,0.128322972304906,0.487743085543688,0.0001008147198005,0.0988350210233995,0.0624315731429179,0.330178121824627,0.1165253012636725,0.261809386378815,0.4532933780034752,0.133102371146503,0.6961867906424962,0.0889362284382356,0.1423083991697729,8.860463128392799e-11,30.93301275,2.666074484,South Sudan-Uganda,0.2048360597921619,489.0,0.0259481037924151,0.1557009867071284,0.2253196657625176,491.0,0.0219560878243512,489.0,0.0259481037924151
4117,3,Uganda,,sample_camp,0.5562737248971948,0.9771151310585092,0.3446166842141412,6.157498551498019e-05,0.0269947451406834,0.1320900609991463,0.3434744779291832,0.1013267507622319,0.2655847174109559,0.3462409040968414,0.02563964768922,0.9686220554021902,0.3088082090282402,0.8492933839370649,8.860463128392799e-11,31.31921076,3.015092398,South Sudan-Uganda,0.3086028658026445,335.0,0.3333333333333333,0.241751639277058,0.3394631523740484,350.0,0.3033932135728543,335.0,0.3333333333333333
4118,142,Uganda,,sample_camp,0.5422763055657027,0.9771151310585092,0.433847708215717,0.002739997482493,0.0223109895739648,0.1400254027049598,0.3188350777969995,0.0767755914720314,0.2388566739772291,0.3959130229607774,0.0791254532524382,0.9499682302116448,0.3024776886561564,0.5843332104857469,8.860463128392799e-11,31.21923318,2.959383572,South Sudan-Uganda,0.3115788788876161,327.0,0.3493013972055888,0.2450252536705268,0.3427367667675173,342.0,0.3193612774451098,327.0,0.3493013972055888
4119,000000000000000000f8,Uganda,,sample_camp,0.3376695893683403,0.5178326217907238,0.2752988416595636,0.0006244940189786,0.3276741042474967,0.0961698098281359,0.5571055684792772,0.0908549274230802,0.3138802030223834,0.6111753582774778,0.0567680512940098,0.6386319153303224,0.2879036021996516,0.3532324964590819,8.860463128392799e-11,32.3113736,3.06672916,South Sudan-Uganda,0.3097968844160965,332.0,0.3393213572854291,0.2769133813246739,0.3407765728488457,293.0,0.4171656686626746,332.0,0.3393213572854291
4120,176,Uganda,,sample_camp,0.6283233821711459,0.7211880813267392,0.2335774074142763,0.0016908268981738,0.1693474811443278,0.1271760552355525,0.4379752487587889,0.0728341908213115,0.1445198044891734,0.4040921950505675,0.0391049263386027,0.8781756284967634,0.6863473753629961,0.7829741121871998,8.860463128392799e-11,31.70824001,3.422898066,South Sudan-Uganda,0.3281470566536626,295.0,0.4131736526946107,0.2731441994693527,0.3609617623101685,299.0,0.405189620758483,295.0,0.4131736526946107
4121,86,Uganda,,sample_camp,0.3327112948934821,0.6087975635271312,0.4699661076047746,0.0023114978348578,0.0066805644923341,0.1216962987025246,0.2663379736921277,0.1046689695392601,0.2589154546798408,0.222829400866593,0.0727319626710126,0.8153144128776162,0.249376107712728,0.4338374065001973,8.860463128392799e-11,31.14675405,3.263697047,South Sudan-Uganda,0.2386355670132155,465.0,0.0738522954091816,0.1809676824267754,0.2624991237056766,471.0,0.06187624750499,465.0,0.0738522954091816
4122,150,Uganda,,sample_camp,0.2973430530169807,0.6087975635271312,0.3530602964699467,0.009780913471898,0.0090961195347154,0.1347831988769934,0.2330720376418695,0.2651303651560722,0.2266223143552395,0.3085695139622026,0.0440701946264359,0.7438979418873121,0.2226877132234063,0.4365986202077219,8.860463128392799e-11,31.1003598,3.325649951,South Sudan-Uganda,0.2310343191996189,475.0,0.0538922155688622,0.1797479569308496,0.2541377511107204,473.0,0.0578842315369261,475.0,0.0538922155688622
4123,0000000000000000016f,Uganda,,sample_camp,0.3434372096395737,0.6087975635271312,0.4850477404080923,0.0009929042034996,0.003225657960291,0.1130185552836006,0.233218095321711,0.1695328111502324,0.2552487834158832,0.2696783173400199,0.0661071004764645,0.7848399676704351,0.2576759522265529,0.5890202851211329,8.860463128392799e-11,31.07303383,3.161931776,South Sudan-Uganda,0.2357093543194722,469.0,0.0658682634730539,0.1807962929843758,0.2592802897425589,472.0,0.059880239520958,469.0,0.0658682634730539
4124,000000000000000000be,Uganda,,sample_camp,0.5171565618530994,1.0,0.4007328363086583,4.082991873593743e-05,0.0053382871718981,0.1300765998552276,0.3330345976140203,0.0767756076771937,0.193118585589921,0.4387708369378581,0.0382122795213652,0.9511523545488738,0.3290608169121979,0.8254049095042271,8.860463128392799e-11,31.24465784,2.906978344,South Sudan-Uganda,0.3108004716507912,329.0,0.3453093812375249,0.2418805188158703,0.3418805188070098,348.0,0.3073852295409182,329.0,0.3453093812375249
4125,128,Uganda,,sample_camp,0.1196664431998871,1.0,0.4647582391247102,0.0334756599423034,0.0534772005219819,0.109626628319744,0.3307521268595363,0.0767756127418293,0.2855713158975043,0.5063307695762238,0.013877744291164,0.9666544890661845,0.3568581307626736,0.86073905219946,8.860463128392799e-11,31.22604553,2.885766726,South Sudan-Uganda,0.3324203695750837,287.0,0.4291417165668663,0.2656624065325921,0.3656624065237316,307.0,0.3892215568862275,287.0,0.4291417165668663
4126,000000000000000001b3,Uganda,,sample_camp,0.1810773030796995,1.0,0.736121633331021,7.016430271827697e-05,0.0045666936317522,0.1184457654223211,0.385637407971812,0.1088733065623538,0.1828807681775539,0.3622976496647141,0.0244507258682735,1.0,0.379258413619033,0.6197820800953139,8.860463128392799e-11,31.34721649,2.749316085,South Sudan-Uganda,0.3143279626133438,323.0,0.3572854291417165,0.2457607588746782,0.3457607588658177,339.0,0.3253493013972056,323.0,0.3572854291417165
4127,000000000000000000ab,Uganda,,sample_camp,0.2497263015914479,0.5099462611204698,0.219837927834963,0.0033843734881525,0.3637815303290747,0.0878519947502141,0.4555136468884944,0.0737292607731517,0.2780206538332225,0.4062836286523406,0.0594958360009068,0.7812136943009812,0.1900164513408886,0.3442349344630837,8.860463128392799e-11,31.6671368,2.813992709,South Sudan-Uganda,0.2850461882539409,368.0,0.2674650698602794,0.2354294376492368,0.3135508070704745,363.0,0.2774451097804391,368.0,0.2674650698602794
4128,0000000000000000011e,Uganda,,sample_camp,0.2572784437282033,0.5099462611204698,0.2898097246094937,0.001621447965152,0.1938855872691977,0.0821224888137572,0.4265861443251204,0.0734748624570239,0.2633714554389757,0.3763017713234021,0.0711912406907512,0.7812136943009812,0.2135379980030586,0.372166141290018,8.860463128392799e-11,31.6235318,2.849540552,South Sudan-Uganda,0.2654343717581336,414.0,0.1756487025948103,0.2138564395038489,0.2919778089250865,417.0,0.1696606786427145,414.0,0.1756487025948103
4129,000000000000000001eb,Uganda,,sample_camp,0.1548074884198917,0.5099462611204698,0.3201810270206464,0.0004036979217031,0.1156946603305806,0.1124141208620759,0.4788602825865634,0.0942505088970328,0.2315925145290027,0.391877315225218,0.0743808888363433,0.721034005949347,0.2364075996195477,0.3380123437620606,8.860463128392799e-11,31.79042527,2.80925547,South Sudan-Uganda,0.2611464860972233,421.0,0.1616766467065868,0.2151577341120109,0.2872611346980852,412.0,0.1796407185628742,421.0,0.1616766467065868
4130,000000000000000000f7,Uganda,,sample_camp,0.5199538890608478,0.5040476305431812,0.6961344949553456,0.0176603674223665,0.02383714049994,0.0526689522650711,0.3348390813266522,0.091739341774485,0.1344290464970312,0.1501160812001588,0.0591099771322648,0.8919768272047597,0.3330023297663108,0.4992284487626812,8.860463128392799e-11,31.08023181,2.669173687,South Sudan-Uganda,0.2274261303587582,478.0,0.0479041916167664,0.1609710606741581,0.2501687433857736,489.0,0.0259481037924151,478.0,0.0479041916167664
4131,000000000000000001ce,Uganda,,sample_camp,0.4749265769123338,0.5040476305431812,0.4984415309557885,0.0003668725920653,0.0053382871718981,0.0993785851338253,0.3340867300156077,0.076178866055238,0.1664418433413379,0.3669691702496366,0.0829091841971549,0.918593968355916,0.3582522540362459,0.5717142215987672,8.860463128392799e-11,31.10601008,2.714033763,South Sudan-Uganda,0.2578531387023158,430.0,0.1437125748502994,0.1917790557369557,0.2836384525636869,457.0,0.0898203592814371,430.0,0.1437125748502994
4132,143,Uganda,,sample_camp,0.3986168443274522,0.7201834647191533,0.4730274380455989,0.0023444309199817,0.0630377332923759,0.0921307097028048,0.311881283723783,0.0902390412279492,0.1146090664020445,0.3596036665796657,0.085452299002145,0.8072634476554683,0.2800210346324953,0.4899831818586989,8.860463128392799e-11,31.06179526,2.81396263,South Sudan-Uganda,0.2578661033380475,428.0,0.1477045908183632,0.2029263689063054,0.2836527136629918,440.0,0.12375249500998,428.0,0.1477045908183632
4133,000000000000000001c0,Uganda,,sample_camp,0.5025484048805574,0.7201834647191533,0.4038024923637598,9.933909007438636e-06,0.2465490329645203,0.0993619561301231,0.3204859433425496,0.0767756353488247,0.2585293389756816,0.4651358213525625,0.1803502597535185,0.9311805987254766,0.3426174497319095,0.4444954358425436,8.860463128392799e-11,31.17778818,2.83994544,South Sudan-Uganda,0.3240367090630097,300.0,0.4031936127744511,0.263322320096763,0.3564403799604502,314.0,0.3752495009980039,300.0,0.4031936127744511
4134,1.00E+01,Uganda,,sample_camp,0.4061684766249129,0.7201834647191533,0.5190795068307885,0.0008246798897891,0.0053382871718981,0.1082471125778332,0.3212160095607825,0.0837538958048377,0.1654866323882948,0.4280875098385074,0.0262253496215562,0.92879221772764,0.3540479037484179,0.6837222987593709,8.860463128392799e-11,31.12523565,2.798432459,South Sudan-Uganda,0.2780408333938615,381.0,0.2415169660678642,0.2129656949604837,0.3058449167243872,421.0,0.1616766467065868,381.0,0.2415169660678642
4135,0000000000000000004b,Uganda,,sample_camp,0.1588466078139618,0.7965707996539996,0.4281699706463072,0.0001965475178101,0.185638006991981,0.0993795973340506,0.3810421499663187,0.0734748482994452,0.19530693403619,0.4515877001166923,0.1574242961972963,0.919530857941416,0.3050782947302001,0.7330162696664535,8.860463128392799e-11,31.44611003,2.905123063,South Sudan-Uganda,0.3174322895067781,311.0,0.3812375249500998,0.2572224326633143,0.3491755184485955,324.0,0.3552894211576846,311.0,0.3812375249500998
4136,000000000000000001a3,Uganda,,sample_camp,0.2141805589728524,0.7965707996539996,0.3127014566956584,0.0002201408919368,0.2852543721518878,0.1075557672500027,0.4108328815263727,0.0734748479484309,0.2584171223771737,0.3696233481771022,0.051970334624445,0.7763038625581014,0.1991753246268306,0.3627819219435696,8.860463128392799e-11,31.58703792,2.905625995,South Sudan-Uganda,0.295993086720587,351.0,0.3013972055888224,0.2459353154272457,0.3255923953837852,337.0,0.3293413173652694,351.0,0.3013972055888224
4137,107,Uganda,,sample_camp,0.3259395327146529,0.4188839714478805,0.2412981927379912,0.000274169182297,0.1704787511772156,0.0834351679060052,0.5437957123468762,0.1035100776142078,0.06283542020221,0.6870977019670292,0.0417134511972213,0.69490716052729,0.2950540801540183,0.2741118458721385,8.860463128392799e-11,32.21662548,2.917655473,South Sudan-Uganda,0.2725886896542407,395.0,0.2135728542914171,0.2303568425669358,0.2998475586108043,376.0,0.2514970059880239,395.0,0.2135728542914171
4138,167,Uganda,,sample_camp,0.3289293683399726,0.4608026068549166,0.1473220242289665,0.0003287329132004,0.0065162103390612,0.0612392704339916,0.5364912982538731,0.0911811886138276,0.0896046102103271,0.6573375697937021,0.0341656155553494,0.69490716052729,0.2950540801540183,0.2741118458721385,8.860463128392799e-11,32.21265457,2.9759103,South Sudan-Uganda,0.2578588322840304,429.0,0.1457085828343313,0.2141539994597045,0.283644715503573,416.0,0.1716566866267465,429.0,0.1457085828343313
4139,134,Uganda,,sample_camp,0.5230997355103241,0.699486558595627,0.3835838002227018,0.0012286460844347,0.0063606572858747,0.0978471073319955,0.4782772621931837,0.0747701492635515,0.1339831661892295,0.6207256477783277,0.0422643849106321,0.8511497029745754,0.449212513257149,0.4522338580469993,8.860463128392799e-11,32.01312412,3.349821684,South Sudan-Uganda,0.3073214224263303,338.0,0.3273453093812375,0.2529385943715058,0.3380535646601029,332.0,0.3393213572854291,338.0,0.3273453093812375
4140,0000000000000000008e,Uganda,,sample_camp,0.435283114047811,0.5713780940284858,0.4727137984868528,4.301964570750903e-05,0.0149971475853734,0.1166749431324223,0.4729215003940457,0.0747701599527741,0.1855906440943387,0.783848815351544,0.0406377542040217,0.8600808435541704,0.449212513257149,0.4522338580469993,8.860463128392799e-11,31.946983,3.320719277,South Sudan-Uganda,0.3177622977578058,310.0,0.3832335329341317,0.2635304431781693,0.3495385275247259,313.0,0.3772455089820359,310.0,0.3832335329341317
4141,157,Uganda,,sample_camp,0.5969333549765863,0.7155045021054754,0.1484745315576039,0.0369674829529835,0.1882388416247699,0.1347615151591223,0.4828112915803362,0.0747701400953911,0.1107539822054588,0.6215624660826716,0.0484977578936174,0.8600808435541704,0.449212513257149,0.4522338580469993,8.860463128392799e-11,31.97057671,3.362967836,South Sudan-Uganda,0.3316719269549418,289.0,0.4251497005988024,0.2788310352950189,0.3648391196415755,290.0,0.4231536926147705,289.0,0.4251497005988024
4142,198,Uganda,,sample_camp,0.652121446096675,0.7155045021054754,0.2789279810651507,0.000676583864277,0.058306740285982,0.1347615151591223,0.4828112915803362,0.0747701384071792,0.1107539822054588,0.6215624660826716,0.0431737352514116,0.8600808435541704,0.449212513257149,0.4522338580469993,8.860463128392799e-11,31.9882566,3.363582788,South Sudan-Uganda,0.3160767430395145,315.0,0.373253493013972,0.2616763329880489,0.3476844173346055,317.0,0.3692614770459081,315.0,0.373253493013972
4143,0000000000000000007a,Uganda,,sample_camp,0.2512400067904461,0.3744312595316924,0.2245302813205388,0.0008912331137368,0.1344470656831029,0.0951819464168989,0.5476121423290231,0.1063643450718813,0.209992053353925,0.7911073860421047,0.0445626356693227,0.6347449038215077,0.2421278150548244,0.2262176999124019,8.860463128392799e-11,32.18786921,2.862833841,South Sudan-Uganda,0.2795544037367949,378.0,0.24750499001996,0.2283991055062639,0.3075098441016139,381.0,0.2415169660678642,378.0,0.24750499001996
4144,126,Uganda,,sample_camp,0.2568651940629483,0.3744312595316924,0.2968537224054426,7.950594802274291e-06,0.0001810068571708,0.0951819464168989,0.546262839171,0.1063643318419835,0.209992053353925,0.7911073860421047,0.0482098213594815,0.6347449038215077,0.2421278150548244,0.2262176999124019,8.860463128392799e-11,32.16790475,2.874650781,South Sudan-Uganda,0.2674769983901829,405.0,0.1936127744510978,0.2151139596249907,0.2942246982203408,414.0,0.1756487025948103,405.0,0.1936127744510978
4145,0000000000000000000e,Uganda,,sample_camp,0.2310744443379404,0.5022135229430892,0.133405304333769,9.158328734465491e-05,0.0127314851376169,0.0206548823550169,0.5425937015809918,0.0978240055945169,0.1764179206545407,0.75473974353739,0.0458115396123182,0.6296735224593255,0.2551341950862163,0.1702953727339427,8.860463128392799e-11,32.45970675,2.66671944,South Sudan-Uganda,0.2672783724311322,406.0,0.1916167664670658,0.2185322353205064,0.294006209665385,406.0,0.1916167664670658,406.0,0.1916167664670658
4146,52,Uganda,,sample_camp,0.2318721779987746,0.5022135229430892,0.2302589666788102,3.407410008978616e-05,0.0039303120130579,0.0206548823550169,0.5440100194907675,0.0978240004713789,0.1764179206545407,0.75473974353739,0.0428645522722862,0.6296735224593255,0.2551341950862163,0.1702953727339427,8.860463128392799e-11,32.46073403,2.677818802,South Sudan-Uganda,0.2663338859091259,408.0,0.1876247504990019,0.2174933001462995,0.2929672744911781,407.0,0.1896207584830339,408.0,0.1876247504990019
4147,7,Uganda,,sample_camp,0.3638446390867758,0.5713780940284858,0.4769255755632286,0.0021908516771036,0.0118566886562091,0.0481679053325467,0.4607365822989766,0.0723717191736979,0.0932377058482758,0.8042756344227032,0.0836297926899746,0.8099177226315795,0.3586771109189781,0.2559827209463414,8.860463128392799e-11,31.8738194,3.224180963,South Sudan-Uganda,0.2949152807812216,356.0,0.2914171656686626,0.2434150365961858,0.3244068088504833,344.0,0.3153692614770459,356.0,0.2914171656686626
4148,46,Uganda,,sample_camp,0.3860744450087816,0.5713780940284858,0.3505889869871993,1.631331093176399e-07,0.0050109300715896,0.084189313656513,0.4657385924228748,0.0725133761028821,0.147945081628943,0.8268553080281508,0.0819809885662427,0.8186107125565795,0.3586771109189781,0.2559827209463414,8.860463128392799e-11,31.9041397,3.234395097,South Sudan-Uganda,0.3054896631909156,339.0,0.3253493013972056,0.253353098707192,0.3360386295011467,330.0,0.343313373253493,339.0,0.3253493013972056
4149,000000000000000000ad,Uganda,,sample_camp,0.5300561745151539,0.7315506332286935,0.3960609862015265,0.0022760310931038,0.0067838039526836,0.1246010178622596,0.2729210544242081,0.0974483790331492,0.2487079919046435,0.400595623978534,0.067391604951209,0.8764484224606022,0.312704786011254,0.4405013756007678,8.860463128392799e-11,31.13092408,3.132054355,South Sudan-Uganda,0.2767255427232541,384.0,0.2355289421157684,0.2167532547495193,0.304398096986719,411.0,0.1816367265469061,384.0,0.2355289421157684
4150,36,Uganda,,sample_camp,0.4505425236351242,0.6087975635271312,0.3252821122489346,0.0005233167313807,0.0053382871718981,0.1221886115164784,0.2776334429749667,0.0974483527237881,0.2910661699836537,0.3202712852652382,0.084609867424792,0.8764484224606022,0.312704786011254,0.4405013756007678,8.860463128392799e-11,31.13147636,3.17584074,South Sudan-Uganda,0.2635983411959999,418.0,0.1676646706586826,0.2023133330695398,0.2899581753067395,441.0,0.1217564870259481,418.0,0.1676646706586826
4151,91,Uganda,,sample_camp,0.3647532953779062,0.6834736787891805,0.437401492527901,0.0001151056886766,0.2036365305617926,0.1776793265315113,0.3726616690018862,0.0222281947942853,0.2177296534181253,0.2288060084117519,0.1634174422795226,0.8305103887698955,0.3542987153753825,0.3773800826120854,8.860463128392799e-11,31.7142891,3.586032097,South Sudan-Uganda,0.2938480471742118,358.0,0.2874251497005988,0.2401818130146434,0.3232328518827725,354.0,0.2954091816367265,358.0,0.2874251497005988
4152,0.00E+00,Uganda,,sample_camp,0.3120002657297736,0.6834736787891805,0.5385598805982649,0.0007314639289577,0.0144958318117807,0.2034367919529756,0.3505411238585691,0.0181721799530067,0.2358610973624801,0.2184302898022806,0.0775930910672953,0.6510265520793743,0.3542987153753825,0.3773800826120854,8.860463128392799e-11,31.7139261,3.634937735,South Sudan-Uganda,0.2536262396469892,438.0,0.1277445109780439,0.2106414957327701,0.2789888636028276,427.0,0.1497005988023952,438.0,0.1277445109780439
4153,000000000000000000f3,Uganda,,sample_camp,0.3229580921874929,0.6834736787891805,0.4927311950857004,0.0,0.0361016195466662,0.186755688230486,0.3645930002764906,0.0222282046811894,0.2241187724160625,0.2251498346254971,0.1285703857869743,0.7672642038451754,0.3542987153753825,0.3773800826120854,8.860463128392799e-11,31.70891711,3.597946058,South Sudan-Uganda,0.2700296271800473,399.0,0.2055888223552894,0.2203061695135345,0.297032589898052,400.0,0.2035928143712574,399.0,0.2055888223552894
4154,0000000000000000005e,Uganda,,sample_camp,0.3990542174414374,0.4796819656012051,0.2445926714443058,0.0007198558334342,0.0602040529577165,0.2242275417556326,0.1265930461139847,0.1416466942660624,0.1758113888010471,0.4886911930172334,0.0500048923212859,0.774329176254072,0.2308048521885188,0.4726233615142006,8.860463128392799e-11,31.13908933,3.715486009,South Sudan-Uganda,0.237369814993885,467.0,0.0698602794411177,0.1836738788678663,0.2611067964844131,465.0,0.0738522954091816,467.0,0.0698602794411177
4155,0000000000000000008a,Uganda,,sample_camp,0.3861711994734165,0.4796819656012051,0.222814428136285,0.0007752587067229,0.0432509065270035,0.2257784399704817,0.1264797593970263,0.1416466935473187,0.1780365684849974,0.482656704243341,0.0566079796107743,0.774329176254072,0.2308048521885188,0.4726233615142006,8.860463128392799e-11,31.14332424,3.715556456,South Sudan-Uganda,0.2362183282793407,468.0,0.0678642714570858,0.1824072434818676,0.2598401610984143,467.0,0.0698602794411177,468.0,0.0678642714570858
4156,189,Uganda,,sample_camp,0.2843040548918285,0.4796819656012051,0.4576153073501473,0.0009676342974537,0.0110110891852538,0.2378857566572958,0.1060536275138846,0.1191737498129297,0.1822216285264439,0.5569185007525076,0.056229561072581,0.7637827849975891,0.2308048521885188,0.4726233615142006,8.860463128392799e-11,31.08928808,3.677354598,South Sudan-Uganda,0.238687036443758,464.0,0.0758483033932135,0.1861774615883749,0.2625557400792734,463.0,0.0778443113772455,464.0,0.0758483033932135
4157,0000000000000000014c,Uganda,,sample_camp,0.6813292039417171,0.8702105369084013,0.4855829510721769,4.330140904565652e-05,0.2697898898038361,0.128222223894553,0.5242169373826853,0.0725974719277624,0.2423530262013766,0.6637291391818985,0.219735940777376,0.7956925175519488,0.4879208981664034,0.479365189874145,8.860463128392799e-11,32.2205313,3.391373964,South Sudan-Uganda,0.3819922192151026,250.0,0.5029940119760479,0.3331703874457728,0.4201914411277524,238.0,0.5269461077844312,250.0,0.5029940119760479
4158,000000000000000000d6,Uganda,,sample_camp,0.662409826726899,0.8853606240705405,0.0748565713602326,0.0017440144279191,0.23022573123584,0.1441579144510877,0.5730183915437157,0.0627273050173331,0.2719527947812918,0.6477558190653546,0.0150082615363988,0.8256815773528057,0.4879208981664034,0.479365189874145,8.860463128392799e-11,32.33190113,3.389405176,South Sudan-Uganda,0.3711660024290875,257.0,0.4890219560878243,0.3197465402649421,0.4082826026631357,253.0,0.497005988023952,257.0,0.4890219560878243
4159,000000000000000000a9,Uganda,,sample_camp,0.1152926162255818,0.5893582477741948,0.4826596663576352,0.0020952028748379,0.1519514859991022,0.1340297069701095,0.4053654292051722,0.0635319042131207,0.2708984850223879,0.4810270561627676,0.0542645988118,0.7381015513673779,0.1805455966689277,0.3506097145977792,8.860463128392799e-11,31.60389106,2.987216548,South Sudan-Uganda,0.2734215782677529,392.0,0.2195608782435129,0.2269535809577904,0.3007637360856677,386.0,0.2315369261477046,392.0,0.2195608782435129
4160,000000000000000000ce,Uganda,,sample_camp,0.2151096088357679,0.7746209239150673,0.4008140628240705,0.0047614011342176,0.2457324661681238,0.1085020927302529,0.3966414111409079,0.0660013127392816,0.2563561867573912,0.3766026041379725,0.0431121728266625,0.7686025123175445,0.1805455966689277,0.3506097145977792,8.860463128392799e-11,31.57744844,2.935642837,South Sudan-Uganda,0.2868615788986975,365.0,0.2734530938123752,0.2380856443970605,0.3155477367797068,358.0,0.2874251497005988,365.0,0.2734530938123752
4161,0000000000000000011b,Uganda,,sample_camp,0.537550605143784,0.7911975157209347,0.4022506040756096,0.0046184062952174,0.0403070298458268,0.1488512479916391,0.3660962877129645,0.0482468927237185,0.1487328371168409,0.3288532031043705,0.0728765074350299,0.8690357991992247,0.7773466051095189,0.7156908302531968,8.860463128392799e-11,31.56136425,3.524718849,South Sudan-Uganda,0.3225377672381975,302.0,0.3992015968063872,0.2678879640420947,0.3547915439531568,304.0,0.3952095808383233,302.0,0.3992015968063872
4162,000000000000000001a8,Uganda,,sample_camp,0.6904695223148896,0.7211880813267392,0.301599167214899,0.0007192359963721,0.2215647366286319,0.1641006793693017,0.3904582595736349,0.0482468874250734,0.1316300591302201,0.2671534849930746,0.1134040877424718,0.8124288616987951,0.7773466051095189,0.7156908302531968,8.860463128392799e-11,31.62616422,3.515024221,South Sudan-Uganda,0.3272721901506696,296.0,0.4111776447105788,0.278756522995857,0.3599994091568761,291.0,0.4211576846307385,296.0,0.4111776447105788
4163,96,Uganda,,sample_camp,0.3676065592396939,0.5040476305431812,0.4380235318931242,0.0003468909851407,0.0316920492888628,0.0781048083540644,0.3409761651792995,0.1008393429969501,0.2404740785816316,0.3326175970609681,0.2187445678919411,0.7544573454991491,0.2950823517381985,0.4293675491641747,8.860463128392799e-11,30.99808974,2.700706512,South Sudan-Uganda,0.2542312259282765,436.0,0.1317365269461078,0.2042086139711892,0.2796543485122437,437.0,0.1297405189620758,436.0,0.1317365269461078
4164,184,Uganda,,sample_camp,0.402624047015003,0.5040476305431812,0.5237396140939021,7.061006272798711e-05,0.0044974717014047,0.0542205231844178,0.3427586619893751,0.100839384383213,0.2188247896233738,0.2109040738269172,0.0896823939574328,0.8919768272047597,0.2950823517381985,0.4293675491641747,8.860463128392799e-11,31.03724996,2.648271365,South Sudan-Uganda,0.2374604849018539,466.0,0.0718562874251497,0.1720088506715634,0.2612065333831789,482.0,0.0399201596806387,466.0,0.0718562874251497
4165,26,Uganda,,sample_camp,0.3530154262995386,0.7315506332286935,0.5565728648493611,4.278828890974985e-05,0.0053382871718981,0.1332641566779321,0.2623549884709708,0.1121537280852989,0.1873295418196775,0.38716114948187,0.0927083209226351,0.8912392967239308,0.3304525511941052,0.4464604987465555,8.860463128392799e-11,31.11422584,3.056367094,South Sudan-Uganda,0.2746765194608389,390.0,0.2235528942115768,0.2130202417345297,0.3021441713980623,420.0,0.1636726546906187,390.0,0.2235528942115768
4166,0000000000000000003e,Uganda,,sample_camp,0.3580540683805279,0.7315506332286935,0.597307144264494,0.0005226981565117,0.0053382871718981,0.1190790444067893,0.2623414595498545,0.1144694287070454,0.1394837831128602,0.3418162048173322,0.0777735320192618,0.8210086686838273,0.3304525511941052,0.4464604987465555,8.860463128392799e-11,31.09618309,3.049799308,South Sudan-Uganda,0.2572151693117944,432.0,0.1397205588822355,0.2008358193745911,0.2829366862341134,445.0,0.1137724550898203,432.0,0.1397205588822355
4167,118,Uganda,,sample_camp,0.4950279762812793,0.7315506332286935,0.4445667191377116,0.0008971901758627,0.1304042566210155,0.1311665634631089,0.2751029018028033,0.1121537013664212,0.18601118315127,0.3836561147221137,0.0653125524009654,0.8912392967239308,0.3304525511941052,0.4464604987465555,8.860463128392799e-11,31.1273503,3.081819418,South Sudan-Uganda,0.2841630221429522,370.0,0.2634730538922156,0.2234553946848543,0.3125793243483869,391.0,0.2215568862275449,370.0,0.2634730538922156
4168,1.00E+04,Uganda,,sample_camp,0.4506002773104091,0.9771151310585092,0.3422380955650249,0.002869977652301,0.0680175308418758,0.1495126485388899,0.2916603598453197,0.099076990024097,0.3079360945001372,0.4375359214357309,0.0135182881522632,0.9298688059960936,0.3304525511941052,0.4464604987465555,8.860463128392799e-11,31.20726013,3.077436688,South Sudan-Uganda,0.3189533917548937,306.0,0.3912175648702595,0.2531372178245321,0.3508487309215226,331.0,0.3413173652694611,306.0,0.3912175648702595
4169,000000000000000000b7,Uganda,,sample_camp,0.1243946698180102,0.3744862857797973,0.271668977387062,1.0887822842892511e-06,0.109766242964301,0.084757390600378,0.5262612074271482,0.0949705716120513,0.0398689923646038,0.6144733948123149,0.06468805719809,0.677153888533709,0.3005589367888755,0.2996335210858563,8.860463128392799e-11,32.08897279,2.739235851,South Sudan-Uganda,0.2538195895763734,437.0,0.1297405189620758,0.2114861596806398,0.2792015485251503,426.0,0.1516966067864271,437.0,0.1297405189620758
4170,169,Uganda,,sample_camp,0.2127886325310858,0.3744312595316924,0.3261527499001727,0.000143685817939,0.1147710560887352,0.0865375804575797,0.5420823666122194,0.0953487208633815,0.2022468567737123,0.7289938898146231,0.0487020887877668,0.6395314864627313,0.3005589367888755,0.2996335210858563,8.860463128392799e-11,32.14690734,2.761140013,South Sudan-Uganda,0.2761817461113163,385.0,0.2335329341317365,0.2309005317409856,0.3037999207135874,374.0,0.2554890219560878,385.0,0.2335329341317365
4171,0000000000000000006c,Uganda,,sample_camp,0.2695751043402408,0.4493285670226756,0.388151404112259,0.0012392711555417,0.0092944912179902,0.0527669596521084,0.5560113557319742,0.1733602918081234,0.2072735555525954,0.7087111766564665,0.0488272988258783,0.6290221681432009,0.2648203055164876,0.2528927853270546,8.860463128392799e-11,32.24398239,2.790538657,South Sudan-Uganda,0.2661177408694112,411.0,0.1816367265469061,0.2218583972907057,0.2927295149474919,394.0,0.2155688622754491,411.0,0.1816367265469061
4172,168,Uganda,,sample_camp,0.2096520130228289,0.4493285670226756,0.482591611709587,9.588652246522578e-05,0.0124675251732004,0.0516342258694876,0.5545408863500307,0.115672798127945,0.2128022164387501,0.7106093009932041,0.0605320349650683,0.6290221681432009,0.2648203055164876,0.2528927853270546,8.860463128392799e-11,32.22790757,2.783355,South Sudan-Uganda,0.2678048288257432,403.0,0.1976047904191616,0.2235243816089971,0.294585311699457,390.0,0.2235528942115768,403.0,0.1976047904191616
4173,0000000000000000016e,Uganda,,sample_camp,0.5275988334493601,0.5794914757234391,0.4770773109189572,0.1602615357932462,0.016794872705508,0.0809773822979471,0.3135260310094712,0.076178880254604,0.2018546708878417,0.2405160845403378,0.0521656584859208,0.9240444266363408,0.3591639183028979,0.5474265807598848,8.860463128392799e-11,31.18827638,2.675450998,South Sudan-Uganda,0.2662541869519595,410.0,0.1836327345309381,0.2004751629835214,0.292879605638295,447.0,0.1097804391217564,410.0,0.1836327345309381
4174,000000000000000000a8,Uganda,,sample_camp,0.5948484035982923,0.5040476305431812,0.4449575880885973,8.991071770453957e-05,0.0133400574711835,0.0716972980144862,0.3471177026398362,0.0761788874336832,0.1936877490191541,0.2214348541365214,0.0613466409128147,0.9240444266363408,0.3591639183028979,0.5474265807598848,8.860463128392799e-11,31.16207619,2.650817981,South Sudan-Uganda,0.245088198952975,454.0,0.0958083832335329,0.1771925761846385,0.269597018839412,477.0,0.0499001996007984,454.0,0.0958083832335329
4175,49,Uganda,,sample_camp,0.0874125680714522,0.128322972304906,0.463726857057518,0.0004504473738877,0.0053382871718981,0.0827052898130742,0.3181513584813273,0.126690976333544,0.147546211671889,0.5252763496079821,0.1179334441845166,0.5497842895204874,0.0466538557207905,0.0834300572832619,8.860463128392799e-11,30.82709841,2.696187665,South Sudan-Uganda,0.1747420459944876,500.0,0.0039920159680638,0.1372378216418876,0.1922162505850759,499.0,0.0059880239520958,500.0,0.0039920159680638
4176,0000000000000000013f,Uganda,,sample_camp,0.1204735724705794,0.128322972304906,0.3947494948480134,4.095956223444913e-05,0.3388246598278954,0.0824612175326482,0.3190158546647825,0.1251578553020966,0.1517017943655021,0.5301978353399697,0.1163877762735222,0.5477089415995671,0.0466538557207905,0.0834300572832619,8.860463128392799e-11,30.81124884,2.698714439,South Sudan-Uganda,0.2055741697527657,488.0,0.0279441117764471,0.1713606925680855,0.2261315867191818,483.0,0.0379241516966067,488.0,0.0279441117764471
4177,0000000000000000002d,Uganda,,sample_camp,0.1545180530356684,0.3889627896523923,0.1955764458058273,0.0265733492820589,0.2345014225188854,0.1076234840737744,0.4718154460585736,0.0734748509571253,0.1896854256299384,0.4553054203671284,0.0538715057959156,0.6829154157619396,0.2230670302497548,0.3447980083038597,8.860463128392799e-11,31.81847097,2.88319648,South Sudan-Uganda,0.2576655717708151,431.0,0.1417165668662674,0.2151405873717026,0.2834321289390362,413.0,0.1776447105788423,431.0,0.1417165668662674
4178,78,Uganda,,sample_camp,0.1423777674187122,0.3889627896523923,0.0565159058427285,0.0009231106998211,0.1621000856354342,0.1043019333168904,0.4761020881858194,0.0864411656047648,0.1742797161917861,0.4604822473050203,0.0649371829442746,0.6829154157619396,0.2230670302497548,0.3447980083038597,8.860463128392799e-11,31.84344739,2.853260903,South Sudan-Uganda,0.2489156000028852,448.0,0.1077844311377245,0.2055156184269798,0.2738071599943133,435.0,0.1337325349301397,448.0,0.1077844311377245
4179,000000000000000000d4,Uganda,,sample_camp,0.103308065429555,0.3889627896523923,0.249732568118255,0.0022057782128282,0.0196385957892286,0.1269418220442736,0.493329466375792,0.0770299434876953,0.1998102881784544,0.5683856562530136,0.0560681502684082,0.6698181118237627,0.2230670302497548,0.3447980083038597,8.860463128392799e-11,31.90078649,2.848510073,South Sudan-Uganda,0.2498388808124103,443.0,0.1177644710578842,0.2078409577112751,0.2748227688847909,431.0,0.1417165668662674,443.0,0.1177644710578842
4180,0000000000000000001e,Uganda,,sample_camp,0.1890422578766001,0.503439331779609,0.358655337079632,0.000135715953454,0.0136831725577463,0.0757040328804378,0.439046287250867,0.0645040008517458,0.2900239992565253,0.8737604763746998,0.04619723415095,0.705878294703824,0.120421533508393,0.2746637183519277,8.860463128392799e-11,31.7444226,3.081398658,South Sudan-Uganda,0.2789354616822828,379.0,0.2455089820359281,0.2194529602130411,0.3068290078416506,403.0,0.1976047904191616,379.0,0.2455089820359281
4181,0000000000000000015a,Uganda,,sample_camp,0.1484341177325882,0.503439331779609,0.3455413658714908,0.0001186020074761,0.0063981623887325,0.1042213219424218,0.4532482598776331,0.0645040040225754,0.3628787372287703,0.7152780256038975,0.0564083141874222,0.705878294703824,0.120421533508393,0.2746637183519277,8.860463128392799e-11,31.73300991,3.032230075,South Sudan-Uganda,0.2752991439378895,387.0,0.2295409181636726,0.2313012557712887,0.302829058322818,372.0,0.2594810379241516,387.0,0.2295409181636726
4182,000000000000000001bc,Uganda,,sample_camp,0.0,0.503439331779609,0.5369339730428827,0.0005880120870186,0.0252294489702448,0.0878502281150381,0.4279220483624913,0.0645040019624554,0.3159684613844339,0.8574455414873143,0.0743608827547062,0.7098419072479313,0.120421533508393,0.2746637183519277,8.860463128392799e-11,31.70386774,3.069143605,South Sudan-Uganda,0.2839152177987077,371.0,0.2614770459081836,0.2265621854298471,0.312306739569718,387.0,0.2295409181636726,371.0,0.2614770459081836
4183,95,Uganda,,sample_camp,0.3087295929874326,0.4200392407819385,0.2642226473877334,0.0002345787565873,0.1631988171613636,0.0604231227044626,0.5017546790455694,0.0851704648543123,0.2635044601194115,0.8949982306216407,0.1281428481709422,0.7645819400292461,0.3051899582931855,0.3808591760622289,8.860463128392799e-11,32.00443663,3.105100154,South Sudan-Uganda,0.3183698068884503,308.0,0.3872255489021956,0.2607069645151312,0.3502067875684348,318.0,0.3672654690618762,308.0,0.3872255489021956
4184,000000000000000001f1,Uganda,,sample_camp,0.3619060729200909,0.5713780940284858,0.1851423179365491,0.000337855562303,0.0290257907108259,0.0918789107510934,0.4721660196932094,0.0725133940798311,0.2686879867515142,0.8923152318374454,0.0794815726325819,0.7512290537906218,0.3051899582931855,0.3808591760622289,8.860463128392799e-11,31.93199959,3.170043568,South Sudan-Uganda,0.3146991340127156,320.0,0.3632734530938123,0.2569375242302426,0.3461690474051266,325.0,0.3532934131736527,320.0,0.3632734530938123
4185,000000000000000001c9,Uganda,,sample_camp,0.1388668147002308,0.4380611323294476,0.1277581975691256,5.740752452143045e-05,0.0016570901141898,0.0629044215351469,0.5348980152442966,0.1085877153730512,0.1011680469656287,0.7355908671766616,0.0344781124081654,0.6417180531945087,0.3160312539915464,0.2645287497690739,8.860463128392799e-11,32.2194244,2.657971026,South Sudan-Uganda,0.2605967636884289,422.0,0.1596806387225549,0.2130973533396056,0.2866564400484113,419.0,0.1656686626746507,422.0,0.1596806387225549
4186,0000000000000000001b,Uganda,,sample_camp,0.2100010996045238,0.4455558965809365,0.3221010130833195,0.0058638896908903,0.0037418187429505,0.0086326722175852,0.541555874515834,0.1174648655934784,0.1104639608441959,0.6012204183105759,0.0140753689178545,0.645374279532891,0.3160312539915464,0.2645287497690739,8.860463128392799e-11,32.33235852,2.651225288,South Sudan-Uganda,0.2447741303121695,456.0,0.091816367265469,0.2047141153900974,0.269251543334526,436.0,0.1317365269461078,456.0,0.091816367265469
4187,000000000000000001ef,Uganda,,sample_camp,0.1244688610188241,0.4455558965809365,0.3435071304278201,3.703578062799218e-05,0.0070706796445034,0.0409478874120761,0.5463238778148629,0.1147654560125272,0.0462854327731616,0.6688594911950131,0.0323990478532356,0.6317771047362025,0.3160312539915464,0.2645287497690739,8.860463128392799e-11,32.29311282,2.703409859,South Sudan-Uganda,0.2486625188973428,449.0,0.1057884231536926,0.2066428216675758,0.2735287707782167,433.0,0.1377245508982036,449.0,0.1057884231536926
4188,000000000000000001b9,Uganda,,sample_camp,0.3989288276419839,0.6238483094861412,0.3354846658494516,0.0006855313602461,0.0063089462579813,0.0660167611932794,0.4289370068661599,0.0722312390702549,0.2376612737746059,0.6131728179084104,0.0355079092114969,0.8147514443714443,0.302832117050026,0.2523383746034008,8.860463128392799e-11,31.72826173,3.248146081,South Sudan-Uganda,0.2845201925062178,369.0,0.2654690618762475,0.2314970673196952,0.3129722117479792,371.0,0.2614770459081836,369.0,0.2654690618762475
4189,000000000000000001c7,Uganda,,sample_camp,0.3415591150132856,0.6238483094861412,0.46675543386904,0.0038614740105325,0.0161101580745135,0.0810751319197095,0.4179331013884794,0.0641193390214746,0.2805925726727251,0.6043893390040339,0.0821489611464243,0.903286037104363,0.302832117050026,0.2523383746034008,8.860463128392799e-11,31.68508286,3.225525168,South Sudan-Uganda,0.3014615638132322,344.0,0.3153692614770459,0.2412791164841191,0.3316077201856949,353.0,0.2974051896207584,344.0,0.3153692614770459
4190,0000000000000000017b,Uganda,,sample_camp,0.3489604597201752,0.5668441667526053,0.3204790715854851,0.0001710871332795,0.2250377383685291,0.1035120462105993,0.5532381680133621,0.0724614864710922,0.2224025907318219,0.589979079277621,0.0476747370960284,0.7333682457282648,0.4153851308012445,0.4469850691452433,8.860463128392799e-11,32.41807248,3.136872164,South Sudan-Uganda,0.3143284536547236,322.0,0.3592814371257485,0.2724244744473695,0.3457612990113355,301.0,0.4011976047904191,322.0,0.3592814371257485
4191,0000000000000000009c,Uganda,,sample_camp,0.4417294760885658,0.5903182474166139,0.4453472040552451,6.581688636860488e-05,0.0624415409294703,0.1016336163489172,0.5646751740317263,0.0875122130973698,0.1790112350735355,0.5374183622063633,0.1404839129783351,0.7328624824824236,0.4153851308012445,0.4469850691452433,8.860463128392799e-11,32.46809871,3.108089611,South Sudan-Uganda,0.3022086835676003,343.0,0.3173652694610778,0.2591433036761179,0.3324295519154998,320.0,0.3632734530938123,343.0,0.3173652694610778
4192,87,Uganda,,sample_camp,0.4411707842227278,0.7225797944019678,0.2758821317105758,5.238668513141319e-05,0.1704155548963048,0.1024024107113818,0.560904872425458,0.0724614817992584,0.1694264178848998,0.5348704011565164,0.0699003751467461,0.7333682457282648,0.4153851308012445,0.4469850691452433,8.860463128392799e-11,32.46847598,3.152869491,South Sudan-Uganda,0.3163005081751382,314.0,0.3752495009980039,0.2745937344198256,0.3479305589837915,297.0,0.4091816367265469,314.0,0.3752495009980039
4193,162,Uganda,,sample_camp,0.3541285396479498,0.5178326217907238,0.419377241773902,0.0001341391399883,0.0236359203278406,0.0836056199091711,0.5668160169857199,0.072461489538289,0.1996029940830389,0.5823712138485451,0.0545450801093663,0.6599545009491655,0.4153851308012445,0.4469850691452433,8.860463128392799e-11,32.35809406,3.122543791,South Sudan-Uganda,0.2821712034575827,373.0,0.2574850299401197,0.2443928737084243,0.3103883237944804,343.0,0.3173652694610778,373.0,0.2574850299401197
4194,000000000000000001ec,Uganda,,sample_camp,0.378381821062776,0.8612138862814237,0.5381057204104845,7.259293148159295e-06,0.0011848252746997,0.1501573509259013,0.3370935470463282,0.2398876650388617,0.2550500105324657,0.2704697417970346,0.0486615754741767,0.7823086962798411,0.2821335722457315,0.3827782781403011,8.860463128392799e-11,31.24613405,3.344483664,South Sudan-Uganda,0.2716618604763051,396.0,0.2115768463073852,0.2127066578957932,0.2988280465150751,423.0,0.1576846307385229,396.0,0.2115768463073852
4195,10,Uganda,,sample_camp,0.5517707284125754,0.8954098102478357,0.2378868137088197,8.899470770811852e-05,0.0020317211732611,0.1866106732590702,0.3502731509466864,0.1411820070911119,0.2302981734539057,0.2884828530179687,0.0748205429163942,0.8971412591835312,0.2821335722457315,0.3827782781403011,8.860463128392799e-11,31.32295268,3.327873983,South Sudan-Uganda,0.2915718864764271,362.0,0.279441117764471,0.2310149492057167,0.3207290751152093,373.0,0.2574850299401197,362.0,0.279441117764471
4196,130,Uganda,,sample_camp,0.2358598342911124,0.5088819673085683,0.4790152529706315,0.0053671181764094,0.118172224783529,0.1166854172043194,0.3057200313560501,0.111845972354177,0.2666773892694434,0.4002721545264567,0.206737138557785,0.7032731229554642,0.2916050031608709,0.5494822622067315,8.860463128392799e-11,30.98766298,2.831152565,South Sudan-Uganda,0.2657628697625001,413.0,0.1776447105788423,0.2220118444432037,0.2923391567298896,393.0,0.217564870259481,413.0,0.1776447105788423
4197,000000000000000001a4,Uganda,,sample_camp,0.2117548931107543,0.3281761208794405,0.5533365929562961,0.0015856291059569,0.0157910177688915,0.1062536753948943,0.2738450870693912,0.1231547665027319,0.2622698751254134,0.3642574752544162,0.1032760050964605,0.7032731229554642,0.2916050031608709,0.5494822622067315,8.860463128392799e-11,30.95753143,2.880006114,South Sudan-Uganda,0.2227575465363458,484.0,0.0359281437125748,0.174705988894434,0.2450333011811199,481.0,0.0419161676646706,484.0,0.0359281437125748
4198,000000000000000000b6,Uganda,,sample_camp,0.4497585709687576,0.5503425539983083,0.2164662508022334,0.024427098714159,0.2347957481045543,0.0617646777944438,0.5168020108383855,0.0744502485196202,0.2378137846931395,0.6544191755603174,0.0332663216236538,0.7470668186902597,0.3417023422735541,0.3798921474089172,8.860463128392799e-11,32.23578335,3.137802893,South Sudan-Uganda,0.3093091393072164,334.0,0.3353293413173652,0.265533371368912,0.3402400532290776,308.0,0.3872255489021956,334.0,0.3353293413173652
4199,0.00E+00,Uganda,,sample_camp,0.3761130400350538,0.6662508960137599,0.280660547609409,0.0001583484955383,0.239881578824597,0.0907606243977762,0.5188836116473565,0.0725924876243338,0.2237507780366588,0.5742094897133178,0.0692876907054714,0.7470668186902597,0.3417023422735541,0.3798921474089172,8.860463128392799e-11,32.27887889,3.174316795,South Sudan-Uganda,0.315632016262445,316.0,0.3712574850299401,0.2724885360196635,0.347195217879829,300.0,0.4031936127744511,316.0,0.3712574850299401
4200,112,Uganda,,sample_camp,0.4370645615440524,0.6662508960137599,0.324574693916402,0.0001544545485238,0.1726593971892829,0.0861847186572812,0.5156453478428112,0.072597536564547,0.2243714415991638,0.6203344598630138,0.0475282630229794,0.7470668186902597,0.3417023422735541,0.3798921474089172,8.860463128392799e-11,32.24706079,3.17578203,South Sudan-Uganda,0.3110816490717485,328.0,0.3473053892215569,0.2674831321098975,0.342189813970063,306.0,0.3912175648702595,328.0,0.3473053892215569
4201,000000000000000000ff,Uganda,,sample_camp,0.6891949854123668,0.8853606240705405,0.609207646836472,0.0006341464435196,0.0961033567596584,0.126440292550007,0.5751836813967859,0.062727299565746,0.3402038917095615,0.6062209066080857,0.0267083135993412,0.7999848762058527,0.4059171010683333,0.4165427784722588,8.860463128392799e-11,32.36235742,3.519630914,South Sudan-Uganda,0.3511597445909355,267.0,0.469061876247505,0.297739656642975,0.3862757190411686,271.0,0.4610778443113772,267.0,0.469061876247505
4202,1.00E+07,Uganda,,sample_camp,0.6279001235555279,0.8853606240705405,0.4710959162437405,0.0197500126237391,0.0608193995820134,0.1220489530332116,0.5785999184960279,0.0627272993601519,0.3333313567246431,0.6229596466660887,0.0239433257894834,0.7905099173789091,0.4059171010683333,0.4165427784722588,8.860463128392799e-11,32.39679803,3.537674454,South Sudan-Uganda,0.3493854777746905,270.0,0.4630738522954092,0.2957879631451054,0.384324025543299,273.0,0.4570858283433133,270.0,0.4630738522954092
4203,38,Uganda,,sample_camp,0.3311990233779142,0.6501648190155884,0.2676797862297052,0.0005093868318607,0.0060577314551006,0.1677554011742742,0.2756369851555706,0.1274761185458661,0.1216680008686549,0.3832310818320432,0.0596262102301798,0.7574150784227649,0.2570779481396648,0.4843748452737835,8.860463128392799e-11,31.23241289,3.586430759,South Sudan-Uganda,0.2435584221103915,457.0,0.0898203592814371,0.1921727564791542,0.2679142643125702,456.0,0.091816367265469,457.0,0.0898203592814371
4204,60,Uganda,,sample_camp,0.4490038554775802,0.6501648190155884,0.2438802411748203,0.0036049118984398,0.0053382871718981,0.1800012132571396,0.3003156209374136,0.1282668845846835,0.1363060443185879,0.3232348468655219,0.0414968195616792,0.7574150784227649,0.2570779481396648,0.4843748452737835,8.860463128392799e-11,31.28730039,3.576288637,South Sudan-Uganda,0.241359599061573,460.0,0.0838323353293413,0.1897540511254538,0.2654955589588699,459.0,0.0858283433133732,460.0,0.0838323353293413
4205,0000000000000000006b,Uganda,,sample_camp,0.3106381399697849,0.6501648190155884,0.2774710710533085,0.001068705546604,0.0053382871718981,0.204042427183463,0.2675512669638146,0.1274759964430185,0.1525031307930284,0.3699695088500995,0.0661204806241172,0.7195947903439486,0.2570779481396648,0.4843748452737835,8.860463128392799e-11,31.25363874,3.641341207,South Sudan-Uganda,0.2448573967928028,455.0,0.0938123752495009,0.1973836574376883,0.2693431364632226,450.0,0.1037924151696606,455.0,0.0938123752495009
4206,80,Uganda,,sample_camp,0.2091410428816438,0.3477552471946997,0.3018145976619458,0.0002026956061816,0.0171899544535766,0.1058994556116848,0.1392653482393067,0.1774371517784381,0.2809923553409376,0.2516726009495272,0.0768764949323124,0.6839745723845411,0.207660174906293,0.5304547071181931,8.860463128392799e-11,30.90937219,3.140947592,South Sudan-Uganda,0.1919535363370605,495.0,0.0139720558882235,0.1427514327323124,0.2111488899619061,497.0,0.0099800399201596,495.0,0.0139720558882235
4207,0000000000000000001c,Uganda,,sample_camp,0.1884005618735697,0.3221300187491947,0.3039753638031968,0.000379987728795,0.0053382871718981,0.1581237942125521,0.0985927670020589,0.1749447611236636,0.233542153984991,0.3829193763274792,0.0582416868079167,0.6375592553200891,0.207660174906293,0.5304547071181931,8.860463128392799e-11,30.84063941,3.159913029,South Sudan-Uganda,0.1913170456636248,496.0,0.0119760479041916,0.1466928246979783,0.2104487502211268,495.0,0.0139720558882235,496.0,0.0119760479041916
4208,0000000000000000005c,Uganda,,sample_camp,0.2238845334365738,0.3221300187491947,0.3577834257336722,0.0081841286753556,0.0231726209243306,0.1293680848453137,0.1476056249229894,0.1774370835813651,0.2897515995858966,0.2668776570843922,0.0775456016165472,0.6839745723845411,0.207660174906293,0.5304547071181931,8.860463128392799e-11,30.91377063,3.154946797,South Sudan-Uganda,0.1960245530712235,494.0,0.0159680638722554,0.1472295511398918,0.2156270083694854,494.0,0.0159680638722554,494.0,0.0159680638722554
4209,29,Uganda,,sample_camp,0.1291303945238046,0.3673037396144282,0.3339825137868909,0.0012042129951895,0.0053382871718981,0.1546547514228312,0.0929563065833793,0.1762352951207241,0.2464225756811963,0.3200031104398618,0.0603098402636236,0.6375592553200891,0.207660174906293,0.5304547071181931,8.860463128392799e-11,30.83444732,3.132934595,South Sudan-Uganda,0.1903102049533996,497.0,0.0099800399201596,0.1455852999167305,0.209341225439879,496.0,0.0119760479041916,497.0,0.0099800399201596
4210,68,Uganda,,sample_camp,0.1815846890123096,0.3673037396144282,0.2652830655524799,4.510100425428742e-05,0.004976090862119,0.1284117379541367,0.1461024264076292,0.215075681421252,0.361396527332191,0.2883881336882204,0.0636661628874938,0.6506533675484625,0.207660174906293,0.5304547071181931,8.860463128392799e-11,30.8970467,3.126439432,South Sudan-Uganda,0.2016912238448939,490.0,0.0239520958083832,0.156795009474537,0.2218603462205228,490.0,0.0239520958083832,490.0,0.0239520958083832
4211,0000000000000000014a,Uganda,,sample_camp,0.4201473347393781,0.8026015395349597,0.6836641330807606,0.0003160194498527,0.0016600299007332,0.1315365697976591,0.3306900270335388,0.0290339948064243,0.2652484324868321,0.4121996803815298,0.0383485818170314,0.972506366233478,0.345245756695376,0.8335208121791544,8.860463128392799e-11,31.46564891,3.230295363,South Sudan-Uganda,0.3000320912199632,345.0,0.313373253493014,0.2327846637186117,0.3300353003330991,369.0,0.2654690618762475,345.0,0.313373253493014
4212,177,Uganda,,sample_camp,0.504498379180632,0.8954098102478357,0.4477608762630325,0.0001249117197558,0.0051369939616236,0.132133139234824,0.3427045009916852,0.1366338065274137,0.2315666073279683,0.2965199436691029,0.0347330544792377,0.961554627831906,0.345245756695376,0.8335208121791544,8.860463128392799e-11,31.38033318,3.262090719,South Sudan-Uganda,0.2950117587498109,355.0,0.2934131736526946,0.2283574718416014,0.3245129346159315,382.0,0.2395209580838323,355.0,0.2934131736526946
4213,163,Uganda,,sample_camp,0.2191624095564738,0.3673037396144282,0.5007204814698594,1.1075154690192762e-05,0.0050701457719633,0.1109177934419849,0.2207269915258889,0.2238817377893475,0.2672595381255677,0.0566409485782497,0.0704044198250609,0.6839745723845411,0.2506738580796576,0.6079184378760283,8.860463128392799e-11,30.96960222,3.11103689,South Sudan-Uganda,0.1848166438718761,498.0,0.0079840319361277,0.1349008510206096,0.2032983082502032,500.0,0.0039920159680638,498.0,0.0079840319361277
4214,000000000000000001ea,Uganda,,sample_camp,0.2923087886538446,0.7315506332286935,0.5496589495988746,0.0021041887430361,0.0053382871718981,0.1128309901809725,0.2377232138724312,0.1124087545583145,0.1894883282253357,0.2649617833623034,0.096841417215167,0.7848399676704351,0.2506738580796576,0.6079184378760283,8.860463128392799e-11,31.02818072,3.120324908,South Sudan-Uganda,0.2433047879853213,458.0,0.0878243512974051,0.1891512700168099,0.267635266774993,461.0,0.0818363273453093,458.0,0.0878243512974051
4215,58,Uganda,,sample_camp,0.6684044596524776,0.7155045021054754,0.4397826596321851,0.0002346887731757,0.0502217612458384,0.1660056842021176,0.4913309370355139,0.0692856152339608,0.3221938556607067,0.3324486825794288,0.004251067758713,0.8972829219955943,0.709793208268744,0.7027298231206717,8.860463128392799e-11,31.98203247,3.535660466,South Sudan-Uganda,0.3353879372467193,283.0,0.437125748502994,0.2791984387718318,0.3689267309625307,289.0,0.4251497005988024,283.0,0.437125748502994
4216,70,Uganda,,sample_camp,0.7083471138486286,0.7848902754868073,0.2459395673689809,0.0010781471854822,0.0755727822583553,0.1219983996045654,0.4988395737654458,0.0692856224840786,0.2560662170640491,0.3478436678098291,0.0048911138539112,0.8896579272741916,0.709793208268744,0.7027298231206717,8.860463128392799e-11,32.02513377,3.501993681,South Sudan-Uganda,0.3355119375145441,282.0,0.4391217564870259,0.2800973385385794,0.3690631312571381,287.0,0.4291417165668663,282.0,0.4391217564870259
4217,1,Uganda,,sample_camp,0.4821980506007065,0.9771151310585092,0.3078327223792542,0.0001288204798257,0.0091367652790977,0.1739853049525719,0.307881180579189,0.098251891781868,0.4354862979983049,0.4198115214382972,0.043351116422835,0.9357327134541864,0.3138164312325062,0.6043841915246702,8.860463128392799e-11,31.23461098,3.122309571,South Sudan-Uganda,0.3287677529985389,293.0,0.4171656686626746,0.2639330151925418,0.3616445282895323,312.0,0.3792415169660678,293.0,0.4171656686626746
4218,63,Uganda,,sample_camp,0.5105366052825906,0.9771151310585092,0.3319826888111852,7.361988254450147e-05,0.0053382871718981,0.145588838647922,0.3168859272281922,0.09881545026259,0.3239182584036112,0.3361701910816609,0.039249593543166,0.9357327134541864,0.3138164312325062,0.6043841915246702,8.860463128392799e-11,31.2510961,3.121626219,South Sudan-Uganda,0.3085353628902547,336.0,0.3313373253493014,0.2416773860734292,0.3393888991704196,351.0,0.3013972055888224,336.0,0.3313373253493014
4219,000000000000000001dd,Uganda,,sample_camp,0.4231109922252765,0.9771151310585092,0.2974623517327441,5.646302320502021e-06,0.0056501601791085,0.1336585375483437,0.328254122775546,0.097413536956327,0.329350322915783,0.3386613446481217,0.0317330084932742,0.9793295052456976,0.3138164312325062,0.6043841915246702,8.860463128392799e-11,31.3296544,3.114252481,South Sudan-Uganda,0.3125067464079832,325.0,0.3532934131736527,0.2458244705242117,0.3437574210399211,338.0,0.3273453093812375,325.0,0.3532934131736527
4220,000000000000000000a6,Uganda,,sample_camp,0.1883155107124423,0.3991527427574673,0.2672112322560475,0.0003147141957038,0.0144592396861104,0.0953622815179173,0.4754156999455527,0.0949705795850914,0.2222623440199234,0.5093904900419385,0.0714885513253235,0.7102929203948293,0.2430371775192878,0.3351830146664907,8.860463128392799e-11,31.85477272,2.736374039,South Sudan-Uganda,0.249197832862969,446.0,0.1117764471057884,0.203088324109783,0.2741176161404054,438.0,0.1277445109780439,446.0,0.1117764471057884
4221,0000000000000000016b,Uganda,,sample_camp,0.1469676934197553,0.5073774333108234,0.3040456551834389,2.855783469263229e-05,0.0401925790256163,0.1059558496242401,0.4776471355109322,0.0943795458909969,0.2196404447232127,0.4666739884476649,0.0745719459204234,0.7177480179482116,0.2430371775192878,0.3351830146664907,8.860463128392799e-11,31.79859938,2.79763438,South Sudan-Uganda,0.2593521027230645,425.0,0.1536926147704591,0.2135125112005498,0.2852873129865105,418.0,0.1676646706586826,425.0,0.1536926147704591
4222,000000000000000000d0,Uganda,,sample_camp,0.1422610755542926,0.3889627896523923,0.4926143776047768,0.0026006358778999,0.1846136831068233,0.1161896025548034,0.4814587201937743,0.094970562619398,0.3168199015797218,0.636482784992372,0.0580593977145554,0.7148673770921656,0.2430371775192878,0.3351830146664907,8.860463128392799e-11,31.90948759,2.774495116,South Sudan-Uganda,0.2857356427611273,366.0,0.2714570858283433,0.2428224693280235,0.3143092070283796,345.0,0.313373253493014,366.0,0.2714570858283433
4223,000000000000000000b3,Uganda,,sample_camp,0.3542498315661556,0.6501648190155884,0.4248964405938272,1.4594521099841298e-05,0.0053382871718981,0.2199832478976616,0.2166368259102806,0.1425804341396017,0.2294357588856975,0.3057376230328966,0.0466339232548379,0.7573414235811375,0.2068755377810766,0.4307056937066544,8.860463128392799e-11,31.25489297,3.716158108,South Sudan-Uganda,0.2398329128309799,462.0,0.0798403193612774,0.1880820617559642,0.2638162041052175,462.0,0.0798403193612774,462.0,0.0798403193612774
4224,170,Uganda,,sample_camp,0.3519041951398017,0.6501648190155884,0.3006909400365131,0.006026033459539,0.0053382871718981,0.205611350106673,0.2410219942442732,0.1425804713387649,0.2050316325326653,0.3640077667308599,0.0433859998649876,0.7237503965085643,0.2068755377810766,0.4307056937066544,8.860463128392799e-11,31.25362903,3.69380116,South Sudan-Uganda,0.2410194379549755,461.0,0.0818363273453093,0.1927463420996165,0.2651213817416126,455.0,0.0938123752495009,461.0,0.0818363273453093
4225,000000000000000000c2,Uganda,,sample_camp,0.6972272811633182,0.7928493601995642,0.4608694420350384,4.29938856472694e-05,0.028469203298309,0.1421469492294638,0.3707849962057141,0.0374395969839894,0.1843700898704757,0.4966919042309579,0.047464086768207,0.9708724563300446,0.4171155652880314,0.6220435560248289,8.860463128392799e-11,31.56904483,3.352931119,South Sudan-Uganda,0.3137097823086381,324.0,0.3552894211576846,0.2479935149064975,0.3450807605306415,336.0,0.3313373253493014,324.0,0.3552894211576846
4226,144,Uganda,,sample_camp,0.6469465389224063,0.8026015395349597,0.4534682815997368,0.002367375831856,0.0139039487011995,0.1348697388527819,0.3390854601441458,0.0374395745608586,0.2106050700641442,0.440717695300928,0.0204578817758618,0.972055107570441,0.4171155652880314,0.6220435560248289,8.860463128392799e-11,31.51398106,3.306148029,South Sudan-Uganda,0.3048890348320867,340.0,0.3233532934131736,0.2381724275582513,0.3353779383064349,357.0,0.2894211576846307,340.0,0.3233532934131736
4227,0000000000000000004f,Uganda,,sample_camp,0.3397264919186734,0.733264923337945,0.2280598136568054,0.0006674950013896,0.2901936700333552,0.2199161346218504,0.3932783800265946,0.0257924482309866,0.3445872785325316,0.2813701748288386,0.4047295261275014,0.648097790060132,0.2688140932177539,0.3921968757206015,8.860463128392799e-11,31.87429761,3.711158824,South Sudan-Uganda,0.3259017696251361,297.0,0.4091816367265469,0.2851654542538552,0.3584919465787892,283.0,0.437125748502994,297.0,0.4091816367265469
4228,000000000000000000a4,Uganda,,sample_camp,0.3482800197641311,0.733264923337945,0.2818288881025118,0.0001256025853323,0.2669419852845971,0.2185424531768906,0.4008359830558395,0.0257924558446549,0.3257678003181554,0.2928061338721339,0.189212078410846,0.5839908255529268,0.2688140932177539,0.3921968757206015,8.860463128392799e-11,31.86755649,3.698561829,South Sudan-Uganda,0.298209261718275,349.0,0.3053892215568862,0.254703695556308,0.328030187881242,327.0,0.3493013972055888,349.0,0.3053892215568862
4229,000000000000000000d3,Uganda,,sample_camp,0.3555063094241896,0.733264923337945,0.2305980697767454,0.000599128788606,0.3339254599044978,0.2199161346218504,0.3863704680299527,0.0257924685229588,0.3445872785325316,0.2813701748288386,0.5237600558842415,0.648097790060132,0.2688140932177539,0.3921968757206015,8.860463128392799e-11,31.8719906,3.719335892,South Sudan-Uganda,0.340064137026814,277.0,0.4491017964071856,0.3007440583957009,0.3740705507206349,268.0,0.467065868263473,277.0,0.4491017964071856
4230,57,Uganda,,sample_camp,0.310028713344064,0.7965707996539996,0.4725702127062937,0.000238784847666,0.1319246923097977,0.124325705687922,0.4171711848454146,0.0734694327080323,0.2915507860513121,0.3540295302374285,0.0503659468243182,0.9885621396436876,0.3966383517633194,0.5423588222338216,8.860463128392799e-11,31.40904228,2.775482173,South Sudan-Uganda,0.3228525383594064,301.0,0.4011976047904191,0.2562815782309783,0.3551377921864865,326.0,0.3512974051896207,301.0,0.4011976047904191
4231,119,Uganda,,sample_camp,0.2345477992834764,0.7965707996539996,0.3992590576081871,0.0051149019769672,0.2547278843190708,0.11962057781431,0.4205046132683071,0.0734748767065349,0.2852824480092579,0.3577087251891147,0.1200351464949305,0.9748849265857644,0.3966383517633194,0.5423588222338216,8.860463128392799e-11,31.42048557,2.794264741,South Sudan-Uganda,0.3391898522876042,278.0,0.4471057884231537,0.2756203448577882,0.3731088375075042,294.0,0.4151696606786427,278.0,0.4471057884231537
4232,187,Uganda,,sample_camp,0.1898485054703169,0.5043466407190298,0.4396030583212074,0.0094403588396014,0.2388520144503838,0.1010280125532191,0.4643370110803874,0.0734210383350263,0.2355210523986317,0.4461846827741367,0.0485140922458565,0.6971406208415706,0.137372112622416,0.3168223026362934,8.860463128392799e-11,31.71210723,2.941598275,South Sudan-Uganda,0.2620669635103489,420.0,0.1636726546906187,0.2185595977772267,0.2882736598525234,404.0,0.1956087824351297,420.0,0.1636726546906187
4233,0000000000000000019f,Uganda,,sample_camp,0.1791400479283436,0.5034405599541873,0.4600114584890825,0.0073986138579787,0.2389010230658026,0.097998949939714,0.470726991501527,0.0731431051839309,0.2434303423005216,0.4612792946682494,0.046102376057943,0.6971406208415706,0.137372112622416,0.3168223026362934,8.860463128392799e-11,31.71785605,2.945091647,South Sudan-Uganda,0.2639809895362286,417.0,0.1696606786427145,0.2206650264056944,0.290379088480991,397.0,0.2095808383233532,417.0,0.1696606786427145
4234,0000000000000000004d,Uganda,,sample_camp,0.2570347482121268,0.5903182474166139,0.4066869759878825,0.0118225530164389,0.0216267679506516,0.057440596153492,0.5859821512073748,0.0876784079351612,0.2932479611315761,0.5961173335636156,0.0338736670623239,0.6743731727461373,0.3219462689486045,0.3966084928128811,8.860463128392799e-11,32.45525334,3.032211385,South Sudan-Uganda,0.2897044290259484,363.0,0.2774451097804391,0.2512375546539295,0.3186748719196828,334.0,0.3353293413173652,363.0,0.2774451097804391
4235,0000000000000000001a,Uganda,,sample_camp,0.2868986845628692,0.5178326217907238,0.2454058271492089,0.0013594188629712,0.082763719257981,0.0549919454952937,0.5798819529533423,0.0724615111423863,0.2336140999667976,0.6327318307755334,0.0274631024804076,0.6466192918725319,0.3219462689486045,0.3966084928128811,8.860463128392799e-11,32.39633213,3.041976855,South Sudan-Uganda,0.2817458411357084,376.0,0.2514970059880239,0.245258496062026,0.3099204252404187,341.0,0.3213572854291417,376.0,0.2514970059880239
4236,0000000000000000003b,Uganda,,sample_camp,0.250152278072178,0.7965707996539996,0.5221770081306559,0.0001910755686707,0.1211524014376761,0.1030306978512605,0.4075291020826039,0.0734748681317558,0.2721633301065873,0.355591200787223,0.0496569597744822,0.8921791325030961,0.3479074754589981,0.8101918087733603,8.860463128392799e-11,31.45085229,2.838886357,South Sudan-Uganda,0.3041792886648366,341.0,0.3213572854291417,0.2453793042810106,0.3345972175224598,340.0,0.3233532934131736,341.0,0.3213572854291417
4237,0000000000000000008d,Uganda,,sample_camp,0.245118186211059,0.7965707996539996,0.413296240029365,6.578535854916081e-05,0.2575086484959494,0.0940739581006569,0.3986194756888389,0.0734748572920985,0.2470275835973543,0.4348430593473431,0.1792453725134172,0.8921791325030961,0.3479074754589981,0.8101918087733603,8.860463128392799e-11,31.41002005,2.871866135,South Sudan-Uganda,0.3316401173460734,290.0,0.4231536926147705,0.2755862158303711,0.3648041290718203,295.0,0.4131736526946107,290.0,0.4231536926147705
4238,75,Uganda,,sample_camp,0.1675306506854664,0.4493285670226756,0.4502979208197009,3.1877931516974125e-05,0.0053382871718981,0.07624592464456,0.5530868476896681,0.1358708449283533,0.0907362926807038,0.7206409779066506,0.0405765867008089,0.6660852844500883,0.3039454244197594,0.2761901649836159,8.860463128392799e-11,32.28495339,2.842249472,South Sudan-Uganda,0.2641832791551759,416.0,0.1716566866267465,0.2185375092800284,0.290601607061833,405.0,0.1936127744510978,416.0,0.1716566866267465
4239,192,Uganda,,sample_camp,0.288000715615034,0.4493285670226756,0.4297119800339344,0.0006341507330398,0.1045169345490854,0.0764563239783587,0.5546322775461034,0.1358694231781733,0.1690679120261977,0.732780077217199,0.043623782488316,0.6660852844500883,0.3039454244197594,0.2761901649836159,8.860463128392799e-11,32.22894792,2.832077685,South Sudan-Uganda,0.281915521319948,375.0,0.2534930139720558,0.2368290657302229,0.3101070734430824,361.0,0.281437125748503,375.0,0.2534930139720558
4240,5,Uganda,,sample_camp,0.713673830464596,0.8070494341880241,0.417566555286723,0.0004372201324239,0.2871213374619135,0.13057142745235,0.5464423820817063,0.0725974856423943,0.2534790713686767,0.5528769802908052,0.106897549030675,0.7953050930849889,0.4032501667887331,0.3736171293393138,8.860463128392799e-11,32.26263642,3.349627643,South Sudan-Uganda,0.353039151088082,266.0,0.4710578842315369,0.3076381227780878,0.3883430661880297,263.0,0.4770459081836327,266.0,0.4710578842315369
4241,11,Uganda,,sample_camp,0.5535873816537933,0.6662508960137599,0.4748253254541126,0.0010210934406898,0.2362728356364795,0.1169908061853531,0.5190463209385701,0.072597503301759,0.293041414623036,0.6918670930554521,0.0256930486319153,0.7708624883748106,0.4032501667887331,0.3736171293393138,8.860463128392799e-11,32.23195577,3.292836168,South Sudan-Uganda,0.3385723785252186,279.0,0.4451097804391217,0.2953433675402593,0.37242961636888,274.0,0.4550898203592814,279.0,0.4451097804391217
4242,0000000000000000009e,Uganda,,sample_camp,0.6088627932948772,0.6662508960137599,0.3979514805360132,0.0002772275834075,0.2671900777054969,0.1291257289044003,0.516077791975142,0.0725974960307475,0.2977480593958385,0.648408555216774,0.0934184750383281,0.7953050930849889,0.4032501667887331,0.3736171293393138,8.860463128392799e-11,32.24259875,3.312687657,South Sudan-Uganda,0.3470047337995885,272.0,0.4590818363273453,0.3021746978710485,0.3817052071706869,266.0,0.4710578842315369,272.0,0.4590818363273453
4243,0.00E+00,Uganda,,sample_camp,0.1954687400182427,0.503439331779609,0.3813092713968106,0.0124005713636383,0.1673431492866882,0.0649413959016918,0.4319605569015239,0.0645039984924279,0.2920943280510524,0.8336353801536134,0.0476438549137248,0.7357760225010633,0.1595691782093214,0.2536735691004965,8.860463128392799e-11,31.7264163,3.113823008,South Sudan-Uganda,0.2953457971955028,353.0,0.2974051896207584,0.2415168388996918,0.3248803769061926,352.0,0.2994011976047904,353.0,0.2974051896207584
4244,0000000000000000012a,Uganda,,sample_camp,0.244102279665905,0.6238483094861412,0.3868323430771082,6.50625100219129e-06,0.0117090054663778,0.0471750249288883,0.4412412993394415,0.0645039941766229,0.2755297518915895,0.790037550333086,0.051783873014049,0.7357760225010633,0.1595691782093214,0.2536735691004965,8.860463128392799e-11,31.76314151,3.153614933,South Sudan-Uganda,0.2851524110463241,367.0,0.2694610778443114,0.2346638971176479,0.3136676521420961,365.0,0.2734530938123752,367.0,0.2694610778443114
4245,000000000000000000ef,Uganda,,sample_camp,0.3376784138048534,0.6501648190155884,0.1998673887045293,1.026305961162704e-05,0.0053382871718981,0.2015638065968534,0.2217760857488215,0.1425805927730138,0.1214945279550371,0.4399492602369103,0.0404482952301976,0.7199417046480135,0.2553918098702691,0.4956927892487719,8.860463128392799e-11,31.20695938,3.646065978,South Sudan-Uganda,0.2414617145110732,459.0,0.0858283433133732,0.1936137154973792,0.2656078859533201,454.0,0.0958083832335329,459.0,0.0858283433133732
4246,17,Uganda,,sample_camp,0.2661605610823605,0.4796819656012051,0.2873253882327652,0.0005702161969572,0.0192945859850223,0.2051306304431263,0.2296307038129245,0.1405286179047612,0.1674422975489698,0.4308813398354125,0.065818053998468,0.7195039493726083,0.2553918098702691,0.4956927892487719,8.860463128392799e-11,31.18144723,3.599457278,South Sudan-Uganda,0.2339405047957789,471.0,0.06187624750499,0.1853841603380959,0.2573345552664963,464.0,0.0758483033932135,471.0,0.06187624750499
4247,0000000000000000003c,Uganda,,sample_camp,0.3796490630466696,0.4796819656012051,0.3121763423921712,5.828402349235447e-05,0.0053382871718981,0.1897898055581599,0.1898522165781627,0.1416469785626105,0.1825152429388419,0.4139142561793056,0.1002030250925633,0.7152683049467574,0.2553918098702691,0.4956927892487719,8.860463128392799e-11,31.120575,3.583335231,South Sudan-Uganda,0.2301830180044782,477.0,0.0499001996007984,0.1816744893102503,0.2532013197960656,469.0,0.0658682634730539,477.0,0.0499001996007984
4248,133,Uganda,,sample_camp,0.3074842510929392,0.4796819656012051,0.36009168158158,3.177992483698038e-05,0.044741287006777,0.1949970098913778,0.2077259002937774,0.1416469791225619,0.1896610423662396,0.4040663274008834,0.0494776928518161,0.7152683049467574,0.2553918098702691,0.4956927892487719,8.860463128392799e-11,31.16272406,3.588065595,South Sudan-Uganda,0.2310039200220495,476.0,0.0518962075848303,0.1825774815295787,0.2541043120153939,466.0,0.0718562874251497,476.0,0.0518962075848303
4249,19,Uganda,,sample_camp,0.593528751668262,0.6816073467068002,0.1961509960328965,0.0001252000612694,0.100223148058186,0.1346698513126278,0.6344740912894615,0.0657127668566315,0.3547828656758181,0.5954541068060931,0.0296824509699001,0.6897240693219729,0.3632144568420061,0.374813553917324,1.0,32.57317405,3.556627361,South Sudan-Uganda,0.4167234170040123,211.0,0.5808383233532934,0.3583957587044136,0.4583832386982866,212.0,0.5788423153692615,211.0,0.5808383233532934
4250,0000000000000000003f,Uganda,,sample_camp,0.5570403928614602,0.4403163830073328,0.5418592469786329,0.0007533958034391,0.9009622067432824,0.7523478817248942,1.0,0.0641579145395368,0.7315131556653662,0.2901543861285624,0.3611500466617638,0.4205315817229931,0.7927272306878216,0.8886279528939853,1.0,34.05850618,4.157410992,South Sudan-Uganda,0.6082232971041324,6.0,0.9900199600798404,0.5690456268145457,0.6689702872342017,6.0,0.9900199600798404,6.0,0.9900199600798404
4251,43,Uganda,,sample_camp,0.8741093083564213,0.2928401186891822,0.496842329568592,0.0161952388410412,0.4228004658593915,0.7115847428582972,0.9399651973090424,0.0594065360533981,0.6176905045812315,0.2592298691841296,0.0602745245439624,0.5647725587593774,0.8152149645894489,0.6520737235593701,1.0,33.8505763,3.929565402,South Sudan-Uganda,0.5182334713831913,34.0,0.934131736526946,0.4700568185215104,0.5684372946374063,34.0,0.934131736526946,35.0,0.9321357285429142
4252,54,Uganda,,sample_camp,0.5986059498667355,0.1631003463331536,0.8602053666019079,0.0023109797638863,0.6181808524179497,0.8440976520733235,0.9164552720424975,0.0601215439085972,0.7582656723821593,0.5801768025993923,0.5817648773574235,0.2146866772140397,0.4195846016488961,0.5064951496289786,1.0,34.11237301,3.789264085,South Sudan-Uganda,0.5544203394393384,19.0,0.9640718562874252,0.5098623733832722,0.6096312754068837,19.0,0.9640718562874252,19.0,0.9640718562874252
4253,56,Uganda,,sample_camp,0.6109716112855649,0.4987472921267227,0.6068882073275945,5.200283049499094e-05,0.0217126608444407,0.2637842636927697,0.7710846868403405,0.0701449170386936,0.7306882783743147,0.5156186236568381,0.0133094580757952,0.5498881428471818,0.2859569861608367,0.4833408152544414,1.0,33.44089162,3.274271935,South Sudan-Uganda,0.4228038541317941,200.0,0.6027944111776448,0.3650842395449735,0.465079039261924,200.0,0.6027944111776448,199.0,0.6047904191616766
4254,0000000000000000007f,Uganda,,sample_camp,0.7876880403757454,0.4907933214523915,0.5254322611816442,0.0003124961309252,0.1315028968492262,0.4821904596306291,0.8288863109902804,0.0733652560962125,0.7837653347010027,0.7615967269504481,0.0057124575859515,0.5153783943833764,0.4255699586979714,0.3984544974238242,1.0,33.85363493,3.196408982,South Sudan-Uganda,0.4932462143065637,71.0,0.8602794411177644,0.4425708357372202,0.5425395861241277,71.0,0.8602794411177644,70.0,0.8622754491017964
4255,97,Uganda,,sample_camp,0.7282208258886734,0.5142657913956342,0.5834056672849884,0.0003121052105458,0.0679465377357848,0.4734015565086962,0.7887120260849116,0.0852469793292626,0.6148056328788111,0.5169863634137157,0.0148490950645349,0.4698182100302181,0.6938284139882639,0.5313481297564728,1.0,34.07662656,3.063223661,South Sudan-Uganda,0.4686296120282833,122.0,0.7584830339321357,0.4154925732311117,0.515461362710057,122.0,0.7584830339321357,121.0,0.7604790419161677
4256,000000000000000000a0,Uganda,,sample_camp,0.2817344226797371,0.5432274768989408,0.3792133290682162,0.002930885526258,0.0053382871718981,0.0328670214912552,0.6206399845792372,0.0757625575077928,0.3180265680523852,0.6440554701897679,0.0311568127854589,0.6077523684941905,0.2816682103025872,0.3977004016257242,1.0,32.97688367,2.903780659,South Sudan-Uganda,0.3716057350447253,256.0,0.4910179640718562,0.3087663085491979,0.4084732199965721,262.0,0.4790419161676646,256.0,0.4910179640718562
4257,000000000000000000b8,Uganda,,sample_camp,0.7271889839905287,0.5808162230828923,0.4974983962578394,0.0,0.0358378969563184,0.3515633045832633,0.7885751056950951,0.0647001812196166,0.7463752479988626,0.5179462298391428,0.0209279065878071,0.5907997246290987,0.2675137723465208,0.311743087845901,1.0,33.4100204,3.352379853,South Sudan-Uganda,0.4454868556108183,154.0,0.6946107784431138,0.3900355411719001,0.4900355411719001,154.0,0.6946107784431138,154.0,0.6946107784431138
4258,000000000000000000b9,Uganda,,sample_camp,0.4446815107718981,0.3065055239869945,0.2028487766799046,9.835471862445537e-06,0.4132669937328316,0.1764646045306371,0.6681653722929309,0.0663288536171813,0.4612507855771124,0.6862073226703549,0.6264740373308842,0.2691001735308069,0.025074552941488,0.1675367404285207,1.0,32.85795659,3.757873415,South Sudan-Uganda,0.4211381092787185,205.0,0.592814371257485,0.3632519202065903,0.4632509366594041,205.0,0.592814371257485,205.0,0.592814371257485
4259,0.00E+00,Uganda,,sample_camp,0.7746352842563944,0.4792487823857054,0.5056917844546924,0.0005099396108216,0.0521683929452353,0.2317864895776478,0.7338517487615037,0.0663288489386615,0.4782588549331678,0.53147557030756,0.0594334444186443,0.5496571121606109,0.1358285790834406,0.2979314869616616,1.0,33.04551497,3.788324075,South Sudan-Uganda,0.3865653558349399,247.0,0.5089820359281437,0.3252218914184338,0.4251708974573517,248.0,0.5069860279441117,246.0,0.5109780439121756
4260,000000000000000000f2,Uganda,,sample_camp,0.713757390441621,0.5564611888979634,0.4506221848563682,0.0,0.1131238261281691,0.4302184229381068,0.8244641529152137,0.0733652939890469,0.7838954257368299,0.80669806991626,0.017147197088427,0.4859680161215717,0.5809353145121156,0.5218949586512943,1.0,33.85508315,3.082552703,South Sudan-Uganda,0.5089919649322415,45.0,0.9121756487025948,0.4598911614254657,0.5598911614254657,45.0,0.9121756487025948,43.0,0.9161676646706588
4261,000000000000000000f6,Uganda,,sample_camp,0.4853901199239772,0.1356447552133282,0.2982804883088752,2.719790333493909e-06,0.3276192343185349,0.1934882280076444,0.697286956269218,0.0663288512745784,0.4057856035922351,0.5495562916395828,0.3523661898098306,0.276865848999718,0.0715720549439931,0.3252858758473189,1.0,32.95194462,3.766372708,South Sudan-Uganda,0.3645625347804016,261.0,0.4810379241516966,0.3010187882584418,0.4010185162794085,267.0,0.469061876247505,261.0,0.4810379241516966
4262,0000000000000000010a,Uganda,,sample_camp,0.7530167794820273,0.4959209201339009,0.7947271855154274,5.230142068718759e-05,0.2595317694241055,0.2794073226927451,0.8374419954419845,0.071734016467472,0.7101393454129585,0.6231401458660242,0.1025837741224032,0.493483019612811,0.5951765535555313,0.5297855319864864,1.0,33.76486403,2.929010871,South Sudan-Uganda,0.4906251952439229,76.0,0.8502994011976048,0.4396877147683151,0.5396824846262465,76.0,0.8502994011976048,75.0,0.8522954091816367
4263,114,Uganda,,sample_camp,0.6763339480346873,0.1736485539371816,0.5135479542075889,0.0002518181946631,0.2614543167852992,0.7126571344187881,0.8119193330196138,0.0596835196505127,0.7245619171205189,0.5514569846554415,0.2091271064613026,0.3742881259556714,0.4907267974120814,0.537728623862036,1.0,34.0583581,3.367078997,South Sudan-Uganda,0.4827356443600509,90.0,0.8223552894211577,0.4310092087960561,0.5309840269765898,90.0,0.8223552894211577,90.0,0.8223552894211577
4264,116,Uganda,,sample_camp,0.5482251372890845,0.6195120679830454,0.4701334690201355,0.000991408303463,0.0053382871718981,0.5403295619570241,0.847743363923015,0.0647001623216727,0.8799810199757065,0.4287075000155296,0.0491022752675765,0.5705416969879098,0.2535776782415083,0.3871545567279366,1.0,33.49432386,3.560446122,South Sudan-Uganda,0.4723477145296977,113.0,0.7764471057884231,0.4195824859826675,0.5194833451523212,113.0,0.7764471057884231,113.0,0.7764471057884231
4265,122,Uganda,,sample_camp,0.431141731624697,0.4898877440377866,0.3764589487000396,0.0006645124524093,0.0699792997030395,0.2077691409435941,0.7357501934173086,0.0770963217213656,0.7530453387483588,0.5802854635104283,0.0299653888397267,0.5010439346219986,0.280079340613551,0.4758917384644728,1.0,33.44290091,3.096222821,South Sudan-Uganda,0.4225882142625637,201.0,0.6007984031936128,0.3648470356888202,0.4647805844435792,201.0,0.6007984031936128,201.0,0.6007984031936128
4266,0000000000000000012e,Uganda,,sample_camp,0.8125886835265155,0.579813881618388,0.5846126535398859,0.0156860568904805,0.0405984886831273,0.2414575283394529,0.7249545012830542,0.0663288576730685,0.5022318324614188,0.5246760827806336,0.0055121511993969,0.5496571121606109,0.2555911234290557,0.3323977114691961,1.0,33.03696852,3.745772164,South Sudan-Uganda,0.4036526144405106,226.0,0.5508982035928144,0.3440178758845619,0.443466660764622,227.0,0.5489021956087824,227.0,0.5489021956087824
4267,171,Uganda,,sample_camp,0.4794693140282876,0.7797679821168116,0.4589756961546771,0.002056574253784,0.0204035063363629,0.0979954418171938,0.6168483473140322,0.0656277119034362,0.1950798356799786,0.5349118413724551,0.0500118467702191,0.5886480211890248,0.4344004359899326,0.4657268054767192,1.0,32.6239635,3.443887282,South Sudan-Uganda,0.3927385302581631,239.0,0.5249500998003992,0.3320123832839795,0.431806725858601,240.0,0.5229540918163673,239.0,0.5249500998003992
4268,0000000000000000017d,Uganda,,sample_camp,0.2769486302218589,0.5900243512791911,0.4347919819902466,6.377342867070553e-05,0.0158356075747233,0.0711335842194187,0.5994381384952553,0.0670787022554638,0.3669019640205825,0.7385834720407157,0.0621359542560201,0.6708942090599385,0.3836711435859756,0.5084884946657435,1.0,32.62460203,3.032938088,South Sudan-Uganda,0.4089711089054992,218.0,0.5668662674650699,0.3498682197960491,0.449861842453182,219.0,0.564870259481038,218.0,0.5668662674650699
4269,181,Uganda,,sample_camp,0.6255519379327008,0.1226440440398472,0.6571432926547341,2.518965040521353e-05,0.4091978178895725,0.815259438957282,0.8475086082849205,0.0607095414498628,0.7883919716983692,0.4503247287402953,0.2155365530478769,0.1895318301853251,0.3868360090414767,0.4369257983133504,1.0,34.25188026,3.472001265,South Sudan-Uganda,0.4750232901395791,107.0,0.7884231536926147,0.422525619153537,0.5225231001884965,107.0,0.7884231536926147,107.0,0.7884231536926147
4270,000000000000000001a0,Uganda,,sample_camp,0.7772089108485234,0.4946329072748708,0.5871855582983483,0.0005448224486038,0.1125117662217467,0.2813321188690977,0.8207076566894586,0.0717339809815931,0.7895665193673281,0.7487746905675481,0.0169381888638658,0.5278147688760174,0.4224074053488696,0.2176109618350682,1.0,33.6419374,3.059410127,South Sudan-Uganda,0.474111894957037,109.0,0.7844311377245509,0.4215230844527406,0.5214686022078803,109.0,0.7844311377245509,108.0,0.7864271457085829
4271,000000000000000001ad,Uganda,,sample_camp,0.8007501039372569,0.4922766543380784,0.6783746031651353,0.0051645415909238,0.2336229193500968,0.3271265152645232,0.8314675174884395,0.0733251572118242,0.7853735695811019,0.699281950721565,0.0032044874973124,0.5524444568839286,0.3091631161716007,0.4309440305796312,1.0,33.6032182,3.148640834,South Sudan-Uganda,0.4762841571715973,104.0,0.7944111776447106,0.4239125728887571,0.5235921241390258,104.0,0.7944111776447106,104.0,0.7944111776447106
4272,000000000000000001b5,Uganda,,sample_camp,0.5882013833780084,0.5998798986196273,0.5413459169401303,0.0628390564115028,0.2100900376276244,0.1577076793286062,0.7195560554003816,0.063902621950009,0.5418303344715,0.174441231332549,0.0115694972918926,0.6027099580363817,0.7689025943810069,0.7595968100377556,1.0,33.03330762,3.553938754,South Sudan-Uganda,0.4408660311728248,162.0,0.6786427145708582,0.3849526342901072,0.483795684560918,162.0,0.6786427145708582,165.0,0.6726546906187625
4273,000000000000000001bb,Uganda,,sample_camp,0.6662061246151121,0.409847646755088,0.4986651627542129,0.0044182312659916,0.4581504312876843,0.9078220689562474,0.8006090487970968,0.060709538696406,0.8846331473684569,0.4715571126311414,0.0605709213716627,0.2652470432491409,0.481288975662368,0.585371796666313,1.0,34.34643445,3.306707808,South Sudan-Uganda,0.5221949661222616,28.0,0.9461077844311376,0.4744144627344878,0.5739726396078886,28.0,0.9461077844311376,28.0,0.9461077844311376
4274,000000000000000001bd,Uganda,,sample_camp,0.5229002465111324,0.5132500910157931,0.4828212599034036,0.0003318041654644,0.0184887740598932,0.5355634191567846,0.8742266048861673,0.0628756258652937,0.8840905678834897,0.5452374744051144,0.0876902265025968,0.3549164115753982,0.223949642190093,0.449265987411353,1.0,33.64070592,3.476239462,South Sudan-Uganda,0.4579768196218904,140.0,0.7225548902195609,0.4037745015840793,0.503741321167533,140.0,0.7225548902195609,140.0,0.7225548902195609
4275,000000000000000001cd,Uganda,,sample_camp,0.6376080732323963,0.6527638176385447,0.402134646079742,9.876688546447816e-05,0.0451108419126864,0.295935879668229,0.7418600155182106,0.0639026218430332,0.7561769127880105,0.456181364387765,0.0271926149934706,0.5623878605036223,0.383814410163788,0.5908814564359928,1.0,33.18430031,3.554369617,South Sudan-Uganda,0.4474111349508902,152.0,0.6986027944111777,0.3921522484459791,0.4921423717574327,152.0,0.6986027944111777,152.0,0.6986027944111777
4276,000000000000000001db,Uganda,,sample_camp,0.6324254264676323,0.4944269564911724,0.4599033187006519,0.3698728791296865,0.1506970918627238,0.3603174408278907,0.8162065384682053,0.0647001802434624,0.6804754132652324,0.449465710465748,0.0121416633057984,0.5907997246290987,0.2695888089731376,0.3306009935658984,1.0,33.47111357,3.340601279,South Sudan-Uganda,0.4721811115835176,114.0,0.7744510978043913,0.4193992227418694,0.5181850564112895,114.0,0.7744510978043913,115.0,0.7724550898203593
4277,1.00E+02,Uganda,,sample_camp,0.7648402133941951,0.4123216937147639,0.6813324226105416,9.393979762232206e-05,0.2309419435797992,0.6571788738673975,0.8935737572563478,0.0541152401401178,0.7569555520838324,0.5151866114220067,0.0202688582711245,0.4530965968516972,0.3709405803308734,0.5025651604887079,1.0,33.81191676,3.547266518,South Sudan-Uganda,0.4827780370159513,89.0,0.8243512974051896,0.4310558407175466,0.5310464467377842,89.0,0.8243512974051896,89.0,0.8243512974051896
4278,105,Uganda,,sample_camp,0.4650548499871668,0.5903182474166139,0.531176800414864,0.0001648438073739,0.2430687456666679,0.1198086144387822,0.5801495213107006,0.0670786872245281,0.2153263847978552,0.5846021910963252,0.0536764374783047,0.7869725208516857,0.4225288808985257,0.4567644929714999,1.0,32.58674949,3.131194559,South Sudan-Uganda,0.4178742170693486,210.0,0.5828343313373253,0.3596616387762835,0.4596451543955461,211.0,0.5808383233532934,210.0,0.5828343313373253
4279,000000000000000001d2,Uganda,,sample_camp,0.369303768250977,0.5903182474166139,0.3528603678196326,0.7880246152494311,0.1346208417609496,0.0921630561013106,0.5870567255683632,0.0840852906723331,0.3538754360973931,0.7159030024237681,0.0847168203661288,0.6866452969419493,0.4146353409320252,0.4980186792978701,1.0,32.54328713,3.015318816,South Sudan-Uganda,0.4952690348052667,68.0,0.8662674650698603,0.4447959382857934,0.5363242562491805,68.0,0.8662674650698603,82.0,0.8383233532934131
4280,4,Uganda,,sample_camp,0.4777022071997243,0.5215254105495687,0.4698564041748565,0.0003839580953042,0.0644976933722658,0.5053150288050495,0.8273120655039093,0.0647001668581153,0.9191208240386728,0.5181014927646935,0.0229310688119904,0.5809172090118173,0.2338816840145207,0.3702163411170022,1.0,33.47784212,3.495619118,South Sudan-Uganda,0.472180584997072,115.0,0.7724550898203593,0.4193986434967791,0.5193602476872489,115.0,0.7724550898203593,114.0,0.7744510978043913
4281,0000000000000000005f,Uganda,,sample_camp,0.4800199826336468,0.5215254105495687,0.5076929038356032,0.0006759508496336,0.5565710337061865,0.4219196573426869,0.8458639553043367,0.0647001775648886,0.9015959226009912,0.7420279615753139,0.7138301882851299,0.4127737627705219,0.2822742643560823,0.4040927696414809,1.0,33.63186832,3.370445768,South Sudan-Uganda,0.5817325552127682,12.0,0.9780439121756488,0.5399058107340452,0.6398382156490816,12.0,0.9780439121756488,12.0,0.9780439121756488
4282,138,Uganda,,sample_camp,0.4530698276856268,0.5215254105495687,0.5690933668039594,0.0039833031360492,0.2958123142399553,0.5144629297982121,0.8548413800275808,0.0647001626710156,0.917368676154931,0.4860880179937887,0.2796109852683526,0.3016573321430711,0.2289287549985698,0.4111643682987158,1.0,33.61033288,3.541433473,South Sudan-Uganda,0.4912981003918255,75.0,0.8522954091816367,0.440427910431008,0.5400295801174031,75.0,0.8522954091816367,74.0,0.8542914171656687
4283,000000000000000001c5,Uganda,,sample_camp,0.5476629033818311,0.5215254105495687,0.553254424113895,0.002599854217071,0.2186931860002398,0.5151985478837254,0.8328073791975048,0.0647001664118256,0.925030204527212,0.478794157090044,0.0323713814398604,0.5743525984937095,0.2315080868402652,0.3282138448937962,1.0,33.46827582,3.50711708,South Sudan-Uganda,0.4848073460217456,86.0,0.8303393213572854,0.4332880806239201,0.5330280952022131,86.0,0.8303393213572854,86.0,0.8303393213572854
4284,000000000000000001a5,Uganda,,sample_camp,0.6900666112705188,0.5978390046744356,0.5192234964657716,0.0001252564692663,0.2371229452147405,0.3696320279364245,0.7403768704193275,0.0649817412339675,0.7535571763530793,0.5402863091459905,0.0227634441138344,0.5743616825908434,0.2855515812503869,0.3818545443926108,1.0,33.28273641,3.46786368,South Sudan-Uganda,0.4656014816516662,128.0,0.7465069860279441,0.4121616298168329,0.5121491041699062,128.0,0.7465069860279441,128.0,0.7465069860279441
4285,000000000000000001d6,Uganda,,sample_camp,0.5906395498862703,0.5978390046744356,0.4949850755597648,0.414686280734424,0.0196015106558771,0.3476324407255076,0.7809788342598105,0.0697176008083801,0.7523718838872195,0.5742879000080754,0.0099698288204455,0.598736770362863,0.2608295226816458,0.3160287952748501,1.0,33.35399769,3.373006714,South Sudan-Uganda,0.4869939978918458,84.0,0.8343313373253493,0.4356933976810304,0.5346964147989859,84.0,0.8343313373253493,84.0,0.8343313373253493
4286,0000000000000000004c,Uganda,,sample_camp,0.7383747201130815,0.2523264244016489,0.3802524465009124,0.0004027000085011,0.2617454469508122,0.6433412983431938,0.813026392066223,0.0596835199355029,0.6662972731696811,0.6383275837786649,0.0626059807725583,0.3742881259556714,0.4637591714895041,0.5195496268050795,1.0,34.04272239,3.370800556,South Sudan-Uganda,0.4705563997214963,118.0,0.7664670658682635,0.4176120396936459,0.5175717696927957,118.0,0.7664670658682635,118.0,0.7664670658682635
4287,000000000000000000a1,Uganda,,sample_camp,0.7070992035907714,0.4358723037490778,0.5134284754295642,0.0001680455365726,0.0786603432892826,0.1749841768271293,0.6935131477701416,0.0661377146009278,0.5121450829145154,0.5595663828498915,0.0210078897139824,0.5014794802521549,0.2841977767687987,0.2912565250982541,1.0,32.81908643,3.656719403,South Sudan-Uganda,0.3874176936065041,245.0,0.5129740518962076,0.3261594629671547,0.4261426584134973,246.0,0.5109780439121756,245.0,0.5129740518962076
4288,165,Uganda,,sample_camp,0.8249747768509117,0.4933102739864209,0.63684101300317,0.0035130793660559,0.2427085213876136,0.2849426685077143,0.8268649263901373,0.0717340160746702,0.7305635251141045,0.6233193179558144,0.0176051781172938,0.4860023883809976,0.5951576564253743,0.5297646714522127,1.0,33.79553922,2.915130732,South Sudan-Uganda,0.4821806850574114,92.0,0.8183632734530938,0.4303987535631526,0.530047445626547,92.0,0.8183632734530938,93.0,0.8163672654690619
4289,000000000000000001f2,Uganda,,sample_camp,0.7481448970175416,0.4933102739864209,0.8280523516696806,0.0,0.3381816317352769,0.2796144150866772,0.8256693538539526,0.0717340160997427,0.713287476357948,0.6229179253863073,0.17462508768158,0.493483019612811,0.5861526582986811,0.5227676619187036,1.0,33.75637692,2.913981598,South Sudan-Uganda,0.5024765310908778,55.0,0.8922155688622755,0.4527241841999655,0.5527241841999655,55.0,0.8922155688622755,55.0,0.8922155688622755
4290,101,Uganda,,sample_camp,0.7635971178593005,0.3787077634284475,0.5024954320181442,0.0439342890973454,0.0454014608109746,0.6108257240867045,0.9291573943627206,0.0594065360241469,0.5361492622740406,0.0867007306539733,0.0257809570996244,0.6524657676847732,0.8403615883524905,0.6799111185834325,1.0,33.78955941,3.932527617,South Sudan-Uganda,0.4681349943500995,123.0,0.7564870259481038,0.4149484937851094,0.5123703980751471,123.0,0.7564870259481038,127.0,0.7485029940119761
4291,191,Uganda,,sample_camp,0.5457721394407403,0.3787077634284475,0.5244252760637523,1.0418647248665118e-05,0.2968194011158152,0.6292648561397228,0.9086868451651856,0.0594065297560336,0.6929860231496014,0.4240614845486679,0.2758791521780632,0.5628570418447887,0.4302787215103559,0.3359878079071363,1.0,33.79027951,3.819344926,South Sudan-Uganda,0.5090501552479906,44.0,0.9141716566866268,0.4599551707727897,0.5599541289080647,44.0,0.9141716566866268,42.0,0.9181636726546906
4292,158,Uganda,,sample_camp,0.4763519342449911,0.2555737481991644,0.6720629798340678,0.0050110977387237,0.349478994047407,0.8927004765809592,0.8760471715048347,0.0574120334811483,0.911253444810477,0.5817092881314783,0.120252423518363,0.0961549226476853,0.5122876984559819,0.6276476540212208,1.0,34.31581232,3.580019143,South Sudan-Uganda,0.5091335696031885,43.0,0.9161676646706588,0.4600469265635075,0.559545816789635,43.0,0.9161676646706588,45.0,0.9121756487025948
4293,000000000000000001c2,Uganda,,sample_camp,0.653845074750203,0.2555737481991644,0.6149207268455943,0.002576217943593,0.5341686551157645,0.9957398944428568,0.8966803363462515,0.0601215403081929,0.8361995936203505,0.6354339158313587,0.5051313524148111,0.3725147628854236,0.7098876970900557,0.6939676414785305,1.0,34.33645065,3.698879812,South Sudan-Uganda,0.6130823794445118,5.0,0.9920159680638724,0.574390617388963,0.6741329955946036,5.0,0.9920159680638724,5.0,0.9920159680638724
4294,110,Uganda,,sample_camp,0.4583541394724424,0.533697486425953,0.4400238953413952,0.0038143414460439,0.0088422753575351,0.0851648420563082,0.6464778187534065,0.075299483176904,0.2854168890046274,0.6630282001740762,0.0332588455330219,0.5785686016284594,0.323595972320893,0.4781948364683269,1.0,33.07520628,2.977463999,South Sudan-Uganda,0.3783513884273022,251.0,0.500998003992016,0.3161865272700325,0.4158050931254281,255.0,0.4930139720558882,251.0,0.500998003992016
4295,000000000000000001d1,Uganda,,sample_camp,0.4034380073655678,0.533697486425953,0.5568800116715997,0.0031851753590596,0.1476256905280132,0.1664314621403889,0.6684692355106207,0.072189676038168,0.703858387348072,0.7348869440040373,0.0054624219860997,0.6044558232990886,0.3057827452788327,0.4200697532899271,1.0,33.1587218,3.020870607,South Sudan-Uganda,0.4430777610800151,159.0,0.6846307385229541,0.3873855371880165,0.4870670196521106,159.0,0.6846307385229541,159.0,0.6846307385229541
4296,71,Uganda,,sample_camp,0.2504288026387749,0.5340170030905284,0.2315593572132867,0.004627188235096,0.1928812393249001,0.0160273103943236,0.5818944528725094,0.0976123645699296,0.1994524545353823,0.740610452336613,0.0391061538631062,0.65323325113453,0.2926933656212811,0.2757351530765521,1.0,32.56832598,2.741335902,South Sudan-Uganda,0.3867766246734792,246.0,0.5109780439121756,0.325454287140827,0.4249915683173174,247.0,0.5089820359281437,247.0,0.5089820359281437
4297,161,Uganda,,sample_camp,0.6754150336236139,0.5405300733043039,0.5343837359083671,0.2951333413934397,0.1583554549227464,0.3883259892548722,0.8797177108326621,0.0733652555111886,0.7042139755672231,0.6786974711280731,0.006807851730524,0.552609689245313,0.3197798133628922,0.363201130495802,1.0,33.69047443,3.189565799,South Sudan-Uganda,0.5021973973401863,56.0,0.8902195608782435,0.4524171370742049,0.5517363519011526,56.0,0.8902195608782435,56.0,0.8902195608782435
4298,000000000000000001d4,Uganda,,sample_camp,0.5192963650394148,0.8303005508302603,0.3193677263423606,0.0006067123431284,0.0395312183510751,0.081429269972466,0.6176523499035085,0.0657127795541576,0.1947357944421491,0.6336938911282909,0.0421953259764041,0.665594497688711,0.4004071692132925,0.4246028779052747,1.0,32.56640813,3.461049442,South Sudan-Uganda,0.409649707259026,217.0,0.5688622754491018,0.3506146779849286,0.4505540067506158,218.0,0.5668662674650699,217.0,0.5688622754491018
4299,6,Uganda,,sample_camp,0.4606113168644891,0.7225797944019678,0.5085941826468497,0.0003065830958028,0.0603754187757885,0.1233975243682332,0.5763356254097607,0.0647070162353216,0.1852009491881779,0.5760456602469715,0.0911198613101514,0.7640653740732993,0.4102973109456787,0.4479544984755365,1.0,32.55501957,3.200149678,South Sudan-Uganda,0.4099749183468937,216.0,0.5708582834331337,0.3509724101815831,0.4509417518720028,217.0,0.5688622754491018,216.0,0.5708582834331337
4300,0000000000000000014f,Uganda,,sample_camp,0.3574054722968181,0.625031102011253,0.5556371134387,0.0008400772063422,0.3212024837142673,0.5519276036174126,0.881127064172831,0.0594065241640407,0.9148742107247364,0.7481716073990259,0.3843739220661049,0.1797944146060494,0.1285515146908121,0.2856801444910902,1.0,33.55025121,3.744064722,South Sudan-Uganda,0.5214449091098942,29.0,0.9441117764471058,0.4735894000208834,0.5735053923002493,29.0,0.9441117764471058,29.0,0.9441117764471058
4301,1.00E+05,Uganda,,sample_camp,0.646103598232989,0.625031102011253,0.3872667351086007,0.0001583396165062,0.2422882049500855,0.5716874243470706,0.8743251540369977,0.0647001475063601,0.8372251384628038,0.5493477813726566,0.0214571605994857,0.6518063113360695,0.3225026939592523,0.3943533418130386,1.0,33.46154659,3.694158066,South Sudan-Uganda,0.51780266460838,35.0,0.9321357285429142,0.469582931069218,0.5695670971075674,35.0,0.9321357285429142,34.0,0.934131736526946
4302,45,Uganda,,sample_camp,0.6181265349445099,0.1225902358993193,0.5744492945289706,0.0003505259919215,0.4386675163684484,0.809019249715825,0.8375296661299358,0.0607095417456342,0.7668804792207117,0.481498808380957,0.2602308930729622,0.1895318301853251,0.3733772638474102,0.420806361010391,1.0,34.24626456,3.48055398,South Sudan-Uganda,0.4799705880738923,97.0,0.8083832335329342,0.4279676468812816,0.5279325942820894,97.0,0.8083832335329342,96.0,0.810379241516966
4303,000000000000000000a3,Uganda,,sample_camp,0.729006016736184,0.1225902358993193,0.701274785128477,0.0489946599949245,0.393353025764344,0.839030854371365,0.8155681974970892,0.0419862646596796,0.7249081944607375,0.4723320944460052,0.013631488245279,0.2966669711066785,0.3377888323015065,0.4346324594660342,1.0,34.12058021,3.429673387,South Sudan-Uganda,0.4604422321897499,135.0,0.7325349301397206,0.4064864554087249,0.505123306584197,135.0,0.7325349301397206,137.0,0.7285429141716567
4304,0000000000000000019a,Uganda,,sample_camp,0.6790288933786691,0.1225902358993193,0.6255471515520988,0.0009971229841855,0.2188358295559967,0.7820618680793915,0.8026388797336684,0.0519691296694618,0.819982329224841,0.5731266248621538,0.0496042793668371,0.2808098202527243,0.4210161490238219,0.4778630952781739,1.0,34.20757911,3.384584881,South Sudan-Uganda,0.4610602853620854,133.0,0.7365269461077845,0.407166313898294,0.5070666015998754,133.0,0.7365269461077845,133.0,0.7365269461077845
4305,104,Uganda,,sample_camp,0.9309162427381682,0.1621633195956308,0.5032380478170059,0.0032945093993278,0.2506172410519607,0.7869775964694556,0.9192962104629784,0.0594065310297142,0.6854323033564576,0.2904593224752397,0.0176591525285659,0.373749463547237,0.7178898616699579,0.7670286043811089,1.0,33.90150339,3.859364283,South Sudan-Uganda,0.4734126345960737,110.0,0.782435129740519,0.4207538980556812,0.5204244471157484,110.0,0.782435129740519,110.0,0.782435129740519
4306,0000000000000000013e,Uganda,,sample_camp,0.8341648754728064,0.1621633195956308,0.6968915873820178,2.999552963054919e-05,0.4655429719098283,0.7923292373739607,0.9565351895742988,0.0594065370262093,0.6826704084965562,0.2837942543422072,0.0510367395322816,0.4353845715694275,0.6540230047403912,0.7108181706993282,1.0,33.92769143,3.941086902,South Sudan-Uganda,0.4985008811512921,62.0,0.8782435129740519,0.4483509692664212,0.5483479697134583,62.0,0.8782435129740519,61.0,0.8802395209580839
4307,188,Uganda,,sample_camp,0.3393875867893585,0.1621633195956308,0.5618335450617814,0.0002964946065571,0.7337624679131886,0.8813077292445375,0.9624613303758628,0.060080868755599,0.9077864596737546,0.6201399873093563,1.0,0.1852613224677711,0.2997578208525369,0.3051634939994926,1.0,34.01345955,3.817708009,South Sudan-Uganda,0.6139033574581086,4.0,0.994011976047904,0.5752936932039195,0.6752640437432638,4.0,0.994011976047904,4.0,0.994011976047904
4308,000000000000000001b4,Uganda,,sample_camp,0.6855290645485872,0.1621633195956308,0.5908193161417061,3.0261258391498214e-05,0.5028772932549008,0.8078980462140322,0.9360096938280296,0.0601215497404498,0.6749677386101455,0.3155550413128206,0.4583899985336739,0.3990123376770049,0.6595642574334067,0.7156951325900343,1.0,33.99625772,3.940148533,South Sudan-Uganda,0.5378607261561852,23.0,0.9560878243512974,0.4916467987718037,0.5916437726459646,23.0,0.9560878243512974,23.0,0.9560878243512974
4309,83,Uganda,,sample_camp,0.7885615330890589,0.0,0.6085334066981491,0.0053246354603547,0.1491018103041198,0.8475567866173603,0.910834413551895,0.0337444388812044,0.72629321060629,0.5843628012818546,0.0375877476878762,0.1698220400819827,0.4074654165537975,0.6632193438835907,1.0,34.17819595,3.664372941,South Sudan-Uganda,0.4398498965586846,165.0,0.6726546906187625,0.3838348862145531,0.483834886214553,165.0,0.6726546906187625,164.0,0.6746506986027944
4310,166,Uganda,,sample_camp,0.5136947568759448,0.0,0.4891191625393002,0.0002529066091454,0.0780577966051527,0.8955438538922549,0.9158887867860118,0.0337644971280084,0.7748814914006076,0.7472813739296786,0.1980524691384412,0.0869078027975087,0.4238665434374248,0.7026381759731678,1.0,34.24183119,3.690856358,South Sudan-Uganda,0.4655211840542024,129.0,0.7445109780439122,0.4120733024596226,0.5120733024596227,129.0,0.7445109780439122,129.0,0.7445109780439122
4311,25,Uganda,,sample_camp,0.5011643866979247,0.5861031824500056,0.3271213584925526,6.647530576776857e-05,0.114628869021572,0.2159694402040484,0.6875079063002334,0.0724931790549766,0.8137844249457554,0.8080520929429248,0.027415433430849,0.6102789750781479,0.3330612048568608,0.4398651278668165,1.0,33.16754404,3.173167362,South Sudan-Uganda,0.4724425458669241,112.0,0.7784431137724551,0.4196868004536164,0.5196801529230397,112.0,0.7784431137724551,112.0,0.7784431137724551
4312,000000000000000000f5,Uganda,,sample_camp,0.4975721701959332,0.5861031824500056,0.1291192801748452,0.0035607754077644,0.0173789407313652,0.1805308768881047,0.6829733649540322,0.081302032012872,0.42490787260155,0.7549699160871676,0.019036425555552,0.6174330698454131,0.4353464180346677,0.5212333638145041,1.0,33.04472177,3.22341272,South Sudan-Uganda,0.4292946220505111,188.0,0.626746506986028,0.3722240842555623,0.4718680067147859,188.0,0.626746506986028,189.0,0.624750499001996
4313,159,Uganda,,sample_camp,0.776293480978193,0.3494450040133129,0.5615456900547151,0.000276583732792,0.3420006883482802,0.6237037463711915,0.7800773332990862,0.078987683105586,0.7633171994613174,0.7160857949417264,0.0698144800934084,0.4153111720645844,0.6066697562532563,0.5046797675860628,1.0,34.16224556,3.192244859,South Sudan-Uganda,0.5151547053253597,37.0,0.9281437125748504,0.4666701758578956,0.5666425174846165,37.0,0.9281437125748504,36.0,0.9301397205588824
4314,32,Uganda,,sample_camp,0.5116999780519934,0.5224993026585776,0.4020758800834436,0.0001460307707357,0.2152820110754723,0.1034154911108418,0.6798286668249102,0.0772035217033255,0.6114090261085237,0.7039501637145966,0.0050050684287638,0.6054901827916759,0.3686915143011212,0.5311005589087651,1.0,33.25316706,2.873296006,South Sudan-Uganda,0.4377924961622926,171.0,0.6606786427145709,0.3815717457785219,0.4815571427014483,171.0,0.6606786427145709,171.0,0.6606786427145709
4315,000000000000000001ae,Uganda,,sample_camp,0.4361010764451697,0.5224993026585776,0.3966752487802793,0.0022259475430012,0.0410753184085544,0.1235790351303829,0.69664223198998,0.0746405391968795,0.6012493393813547,0.6083400497747771,0.0026010790154439,0.5816530208796744,0.4290965296981316,0.5362609163113903,1.0,33.33635702,2.915121335,South Sudan-Uganda,0.4189965322254436,208.0,0.5868263473053892,0.3608961854479878,0.4606735906936878,209.0,0.5848303393213573,208.0,0.5868263473053892
4316,145,Uganda,,sample_camp,0.5291861165086672,0.7129514996273413,0.2628701389220904,0.0011677823542892,0.1037735154849421,0.1369710350858209,0.6518529208704135,0.0709702477109222,0.3315023935570486,0.7311601319492907,0.0535677323967951,0.5509342871144292,0.5903478957009165,0.5995017633733991,1.0,32.76910462,3.418003604,South Sudan-Uganda,0.4422026540128443,161.0,0.6806387225548902,0.3864229194141287,0.4863061411786998,161.0,0.6806387225548902,161.0,0.6806387225548902
4317,000000000000000001b6,Uganda,,sample_camp,0.5311080419807808,0.7129514996273413,0.2206770855516201,1.65337826785431e-05,0.0046022814825164,0.100748827612802,0.6779028964477546,0.0739143409182362,0.432432274311895,0.7058435857310403,0.0172304985492488,0.538229563482126,0.6373307648757103,0.6676382912227464,1.0,32.79461038,3.530318417,South Sudan-Uganda,0.4388444296275557,167.0,0.6686626746506986,0.3827288725903113,0.4827272192120434,167.0,0.6686626746506986,167.0,0.6686626746506986
4318,34,Uganda,,sample_camp,0.6439993879628437,0.6321647628014377,0.3812181659808752,0.0205706549704311,0.1863043525219652,0.25674741629134,0.7346710866862498,0.0663288635659307,0.4971134710623349,0.4904758343650039,0.0009328047776075,0.5606947812107482,0.2872608548511453,0.3175886976330558,1.0,33.05570912,3.701069394,South Sudan-Uganda,0.4242669108671149,198.0,0.6067864271457086,0.3666936019538264,0.4666003214760656,198.0,0.6067864271457086,198.0,0.6067864271457086
4319,0000000000000000016c,Uganda,,sample_camp,0.3834750312818032,0.6321647628014377,0.4997325396413405,5.0949048109422095e-05,0.2937033369370977,0.2859693790319479,0.7492362722922016,0.0639026181155952,0.6828671796475352,0.4513088595294847,0.3331044003519329,0.5494651185401019,0.3227815798051269,0.5755886419902186,1.0,33.19069547,3.603697555,South Sudan-Uganda,0.4818774398168158,93.0,0.8163672654690619,0.4300651837984975,0.5300600888936865,93.0,0.8163672654690619,92.0,0.8183632734530938
4320,000000000000000001d7,Uganda,,sample_camp,0.6616694749036686,0.6321647628014377,0.4539047446795571,0.0008932256973371,0.0890374063369856,0.2647663619635927,0.7408159320122164,0.0639026210825021,0.6503433745485365,0.3733112332969409,0.0195622223989317,0.5623878605036223,0.3781971995838151,0.6405660291766407,1.0,33.11463636,3.565966454,South Sudan-Uganda,0.4283163253766742,191.0,0.6207584830339321,0.3711479579143416,0.4710586353446079,191.0,0.6207584830339321,191.0,0.6207584830339321
4321,000000000000000000df,Uganda,,sample_camp,0.7792849342890941,0.5442013589409485,0.6622141612879211,0.0001091622127159,0.2371507179807807,0.3169385753963334,0.8510873104955615,0.0852470200970716,0.7507300254418037,0.6430993154364233,0.0026075775039073,0.5008305810974178,0.5893007532546284,0.5265299564888697,1.0,33.76167451,2.998731121,South Sudan-Uganda,0.4941868525236837,69.0,0.8642714570858283,0.443605537776052,0.5435946215547804,69.0,0.8642714570858283,67.0,0.8682634730538922
4322,194,Uganda,,sample_camp,0.6746907398214753,0.5442013589409485,0.6010229570425951,4.653101031293488e-07,0.2377437879617056,0.420962581164391,0.8798730591122734,0.0733652733627753,0.8000144853945729,0.8164314158906775,0.0048160449240265,0.536062638041449,0.3878829572930209,0.4172690470973633,1.0,33.74673455,3.132439633,South Sudan-Uganda,0.5116353449121062,41.0,0.9201596806387226,0.4627988794033169,0.5627988328723065,41.0,0.9201596806387226,40.0,0.9221556886227544
4323,50,Uganda,,sample_camp,0.633436732959,0.5017096794210661,0.4674987538243331,0.0001654335704526,0.1412216120471064,0.2620306488067017,0.7268862608797004,0.0720225269511611,0.6624008634252887,0.6482289586798471,0.0135164002249445,0.5649331263141253,0.2890114681533986,0.3624218392780867,1.0,33.27707591,3.329394049,South Sudan-Uganda,0.4372822228656938,172.0,0.6586826347305389,0.3810104451522632,0.4809939017952179,172.0,0.6586826347305389,172.0,0.6586826347305389
4324,0000000000000000006d,Uganda,,sample_camp,0.6161603339547046,0.5017096794210661,0.2095745475450615,0.0023707765956413,0.1970771729208556,0.1968263071769039,0.7317822891683122,0.0697176215516565,0.7361610380323931,0.6819755252456939,0.026486221246007,0.5700663777432747,0.2873295482694188,0.3809783233691634,1.0,33.32953769,3.28238395,South Sudan-Uganda,0.448344085074506,151.0,0.7005988023952096,0.3931784935819566,0.4929414159223925,151.0,0.7005988023952096,151.0,0.7005988023952096
4325,000000000000000000c6,Uganda,,sample_camp,0.6897967682820465,0.5614087895340848,0.663357090018043,0.0008888219248871,0.1889260030346266,0.5177168014530719,0.7917247549810627,0.0738936843507639,0.7517439303539439,0.7552866448950811,0.0924949289565901,0.4675464491982914,0.5983820754640816,0.3898096596137526,1.0,33.9718948,3.118828505,South Sudan-Uganda,0.5205562908905201,30.0,0.942115768463074,0.4726119199795721,0.5725230377870834,30.0,0.942115768463074,30.0,0.942115768463074
4326,000000000000000001d8,Uganda,,sample_camp,0.7670434551555995,0.5614087895340848,0.6214625575535269,0.0001189342704106,0.1515710484051192,0.4396740265128183,0.7846391547976127,0.0852398355103578,0.7133937396933901,0.7169680201282443,0.0213446226864139,0.4683593531337188,0.7147448880972813,0.5052164798356709,1.0,33.96041215,3.036777658,South Sudan-Uganda,0.5065656888417358,50.0,0.9021956087824352,0.4572222577259094,0.5572103642988683,50.0,0.9021956087824352,50.0,0.9021956087824352
4327,18,Uganda,,sample_camp,0.5409327985234134,0.4860782988276018,0.392415423382701,0.0007543096695702,0.2010966462860334,0.2564175144613707,0.7647815159122564,0.0770963218634428,0.7057686579790085,0.6047115970302143,0.0220290086886797,0.4779757292565871,0.290134457518219,0.4406496151565453,1.0,33.47220693,3.11207338,South Sudan-Uganda,0.4372497941481402,173.0,0.656686626746507,0.3809747735629541,0.4808993425959971,173.0,0.656686626746507,174.0,0.654690618762475
4328,0000000000000000008b,Uganda,,sample_camp,0.5555670224674102,0.4860782988276018,0.5212282401812556,1.83036098333755e-05,0.0576957029140095,0.2047636229875047,0.7657385924959607,0.0770963361213113,0.6989291723530288,0.6484519547328349,0.028634907504701,0.5091643809114147,0.400875467856543,0.3521432949265351,1.0,33.48780478,3.062864823,South Sudan-Uganda,0.436395491290312,177.0,0.6487025948103793,0.3800350404193433,0.4800332100583599,177.0,0.6487025948103793,177.0,0.6487025948103793
4329,152,Uganda,,sample_camp,0.7299625940876312,0.4860782988276018,0.5118897382982948,0.0034320096088403,0.1396712854852093,0.2547217270142641,0.789300583559499,0.0770963080234486,0.7606289891821263,0.6778019210713664,0.0285352786188156,0.5421042991840024,0.306571161671554,0.4320051495862753,1.0,33.50543223,3.127263026,South Sudan-Uganda,0.4535314140202981,147.0,0.7085828343313373,0.3988845554223279,0.4985413544614439,147.0,0.7085828343313373,147.0,0.7085828343313373
4330,174,Uganda,,sample_camp,0.689762007208936,0.4860782988276018,0.6480055478414182,0.0028729635794391,0.2382593461794214,0.2612873480586085,0.8047467131482128,0.0767626125159948,0.7793365842425148,0.7122049786386387,0.007839055947313,0.5169113971537806,0.3475288955800446,0.3973199824389058,1.0,33.55308976,3.095210989,South Sudan-Uganda,0.4688241437595977,121.0,0.7604790419161677,0.4157065581355575,0.5154192617776137,121.0,0.7604790419161677,122.0,0.7584830339321357
4331,000000000000000001bf,Uganda,,sample_camp,0.7229103052954112,0.4860782988276018,0.7425511717986258,0.0003028496263354,0.1424693049309295,0.2926807631957007,0.8176720804997999,0.0717339682280718,0.7874214089809258,0.7368291391513481,0.009709466905543,0.5354947592125021,0.3367665348929591,0.4063029425644252,1.0,33.60522692,3.09796286,South Sudan-Uganda,0.4677658732930587,124.0,0.7544910179640718,0.4145424606223645,0.5145121756597311,124.0,0.7544910179640718,123.0,0.7564870259481038
4332,2,Uganda,,sample_camp,0.4907371189437633,0.6689359977285644,0.1689962077137624,0.0001853613982916,0.1515316260501679,0.1139061668638224,0.6347931168336043,0.0764948788054768,0.3019667448669083,0.7653473748484316,0.0217041732307476,0.6465883568390485,0.4388376519324974,0.4822177578825469,1.0,32.8482381,3.191211707,South Sudan-Uganda,0.4312542336901895,184.0,0.6347305389221557,0.3743796570592084,0.4743611209193792,184.0,0.6347305389221557,184.0,0.6347305389221557
4333,0000000000000000000b,Uganda,,sample_camp,0.4826491778755122,0.6689359977285644,0.1527923877293243,4.43270190750634e-05,0.0593633470444856,0.1389887525002524,0.6413996189728816,0.0764948598507021,0.2365334360367312,0.7841544653559789,0.036890149712369,0.6581374360062184,0.4678564879755669,0.4934330967435237,1.0,32.87189796,3.243980812,South Sudan-Uganda,0.4265730925774658,193.0,0.6167664670658682,0.3692304018352123,0.4692259691333048,193.0,0.6167664670658682,193.0,0.6167664670658682
4334,90,Uganda,,sample_camp,0.3693914951100566,0.6689359977285644,0.2852873006392052,0.0059811238034551,0.0124675069136566,0.1508214548650583,0.6481438515611404,0.0764948930048429,0.2412272802153079,0.7687038099324092,0.0335791586696933,0.6445355964028939,0.4679522830537678,0.4944942058597382,1.0,32.89902438,3.237689619,South Sudan-Uganda,0.4220316421041769,203.0,0.5968063872255489,0.3642348063145947,0.4636366939342491,203.0,0.5968063872255489,204.0,0.5948103792415169
4335,14,Uganda,,sample_camp,0.5844263799054469,0.3437982901635353,0.5791636114820616,0.0005133122562622,0.082028462209893,0.5650056077464224,0.8998976836391921,0.0555822110228385,0.8979904754262755,0.6820318227407737,0.0206933037193483,0.3396207561307833,0.2314266653436365,0.4399549230763509,1.0,33.67078083,3.643291444,South Sudan-Uganda,0.4602733072160111,136.0,0.7305389221556886,0.4063006379376122,0.506249306711986,136.0,0.7305389221556886,135.0,0.7325349301397206
4336,81,Uganda,,sample_camp,0.4846233101247203,0.3437982901635353,0.3517446319540535,0.0013362481261647,0.1860839598289307,0.6032515869743512,0.9063493567738004,0.0495638223978869,0.9551241426798822,0.6437676991044551,0.0177293609387028,0.4347673439965902,0.2299509945450098,0.4423575979245262,1.0,33.7156983,3.566781368,South Sudan-Uganda,0.4838326348301294,87.0,0.8283433133732535,0.4322158983131423,0.5320822735005258,87.0,0.8283433133732535,87.0,0.8283433133732535
4337,000000000000000000b4,Uganda,,sample_camp,0.5858855016328945,0.3437982901635353,0.7191709001224413,0.0001721296208394,0.0223657499456641,0.5678739254197923,0.8671732719092201,0.0594065210918295,0.8594914830179803,0.7761614275925057,0.057788897751449,0.475985329919677,0.4506705741593493,0.5301468818857288,1.0,33.75468043,3.683083621,South Sudan-Uganda,0.4928619163181829,72.0,0.8582834331337326,0.4421481079500012,0.5421308949879172,72.0,0.8582834331337326,71.0,0.8602794411177644
4338,179,Uganda,,sample_camp,0.4851196099277058,0.3437982901635353,0.584518213736143,0.0001217465144386,0.2318155349313197,0.5643147150795622,0.9019044857857365,0.0594065219259064,0.9058548113074014,0.6646165269816706,0.15187639453451,0.3656236159027676,0.383108124672984,0.4008383930437471,1.0,33.6885859,3.694448538,South Sudan-Uganda,0.5011849314430842,57.0,0.8882235528942116,0.4513034245873926,0.5512912499359487,57.0,0.8882235528942116,57.0,0.8882235528942116
4339,0000000000000000016a,Uganda,,sample_camp,0.2317857736551584,0.5897007373436721,0.4857337855218832,9.54856401203715e-06,0.0070548486200742,0.0751953614019725,0.6100090882153149,0.0773446418312842,0.3456899273600035,0.6914185762629567,0.0315654498752944,0.6933130242383352,0.338562631774752,0.523859198761484,1.0,32.71021473,3.007486493,South Sudan-Uganda,0.3984108357869443,235.0,0.5329341317365269,0.3382519193656387,0.4382509645092375,235.0,0.5329341317365269,235.0,0.5329341317365269
4340,000000000000000001dc,Uganda,,sample_camp,0.2821558374404626,0.5897007373436721,0.4985771742660108,0.0014440479019759,0.0834129921145612,0.0894531760545187,0.6040650983151397,0.0770112561441361,0.4227074610274099,0.7209860868306008,0.0426022029471213,0.6703417977477332,0.3378454737561865,0.5241891331499913,1.0,32.69188104,3.006839087,South Sudan-Uganda,0.4147780976399019,212.0,0.5788423153692615,0.3562559074038919,0.4561115026136945,214.0,0.5748502994011976,212.0,0.5788423153692615
4341,0000000000000000001f,Uganda,,sample_camp,0.512477877814253,0.4390151723050441,0.3552957342586528,0.000182039003783,0.0701995645792678,0.1506528700883951,0.7065135438949446,0.0668077863876159,0.5492788898046733,0.4563353523425499,0.0831716461705237,0.532681144262337,0.446697443230409,0.446670218111306,1.0,32.90594227,3.627744855,South Sudan-Uganda,0.4031570605165388,229.0,0.5449101796407185,0.3434727665681928,0.4434545626678144,230.0,0.5429141716566867,228.0,0.5469061876247505
4342,0000000000000000002e,Uganda,,sample_camp,0.6151630269603594,0.4390151723050441,0.2832527545382856,6.394447506073e-05,0.2349395237520236,0.2092671784162396,0.7121879623422854,0.0663288575803004,0.45506320795763,0.4719923705423502,0.5180947354423244,0.276865848999718,0.2797417310697636,0.3114158117351074,1.0,32.91063684,3.737096753,South Sudan-Uganda,0.4179301523002218,209.0,0.5848303393213573,0.359723167530244,0.4597167730827379,210.0,0.5828343313373253,209.0,0.5848303393213573
4343,000000000000000000fd,Uganda,,sample_camp,0.4928073999838576,0.4593900450128019,0.3396159723430548,0.0522780306468994,0.1091107253437591,0.5572984951870728,0.8303138280149075,0.0667301812108017,0.8310657590106195,0.7495234641974053,0.0153147873815874,0.4949600447035786,0.4118061121602403,0.5251991954217593,1.0,33.87065933,3.311283328,South Sudan-Uganda,0.5010055719689884,58.0,0.8862275449101796,0.4511061291658872,0.5495746504277286,58.0,0.8862275449101796,58.0,0.8862275449101796
4344,0000000000000000010b,Uganda,,sample_camp,0.8483484858146703,0.4593900450128019,0.5740862708228506,0.0004033236947759,0.2472040027987498,0.6073249698812279,0.792515496777033,0.0596835157525819,0.6703977887791773,0.6480931184878602,0.0237368060892325,0.4051269171127696,0.52954511953268,0.5286720568223546,1.0,34.03914148,3.283051626,South Sudan-Uganda,0.4894306898333008,79.0,0.844311377245509,0.4383737588166309,0.5383334264471532,79.0,0.844311377245509,77.0,0.8483033932135728
4345,39,Uganda,,sample_camp,0.5247010219000319,0.3462591292129456,0.6413176357396915,0.0016367802255266,0.8630643228399814,0.7443560202673669,0.9820650104143044,0.0599965500633527,0.7944556645581048,0.5725329675158427,0.2061604588181189,0.3626008212023807,0.6830639940442618,0.7286434684639214,1.0,33.91321877,4.139772992,South Sudan-Uganda,0.5960177426453485,8.0,0.9860279441117764,0.5556195169098833,0.6554558388873307,8.0,0.9860279441117764,9.0,0.9840319361277444
4346,000000000000000000ba,Uganda,,sample_camp,0.8115130222826796,0.3462591292129456,0.6499459544406025,0.0007543796518562,0.4952243532793711,0.7303144203846966,0.9639973081371688,0.0594065403257441,0.6684997075162894,0.1825087086511551,0.0490635150371254,0.4429356659330644,0.707406566756122,0.7246744114976895,1.0,33.89583159,4.002626504,South Sudan-Uganda,0.5079057958690723,49.0,0.9041916167664672,0.4586963754559795,0.5586209374907939,49.0,0.9041916167664672,49.0,0.9041916167664672
4347,0000000000000000018d,Uganda,,sample_camp,0.7919093449000152,0.3462591292129456,0.5805569092445187,0.0028597051736759,0.4486175799856118,0.7340582786790792,0.9546430920101424,0.0594065393663049,0.6637190798737492,0.1972566938765658,0.0337200544080393,0.5647725587593774,0.9941065273433,0.8539734626220923,1.0,33.88341,3.981848155,South Sudan-Uganda,0.5400011544838624,22.0,0.9580838323353292,0.4940012699322487,0.5937152994148811,22.0,0.9580838323353292,22.0,0.9580838323353292
4348,000000000000000001d9,Uganda,,sample_camp,0.5289766645596504,0.3462591292129456,0.5584347165854759,0.000277183337755,0.4713225374754767,0.7907667585826202,0.9420705700936558,0.0601215518423572,0.7860239555145699,0.4164863545031772,0.3799636930218424,0.3320343074431652,0.6302090110981718,0.6898590225496356,1.0,34.00581359,3.995952675,South Sudan-Uganda,0.5541285000257617,20.0,0.9620758483033932,0.509541350028338,0.6095136316945624,20.0,0.9620758483033932,20.0,0.9620758483033932
4349,148,Uganda,,sample_camp,0.5712866674360255,0.6805397207163242,0.4202326986408983,0.0002296170770953,0.2234732058815962,0.2296840302573933,0.7030742459916379,0.0807254314771061,0.4614384144357252,0.5588503560091092,0.023582011426702,0.6100879635221943,0.3833034520874158,0.4289630944353834,1.0,33.09581933,3.359698366,South Sudan-Uganda,0.4431148197641086,158.0,0.6866267465069861,0.3874263017405193,0.4874033400328099,158.0,0.6866267465069861,157.0,0.688622754491018
4350,0000000000000000019e,Uganda,,sample_camp,0.7210011948064703,0.6805397207163242,0.4825798377998442,0.00016403064687,0.1736491009794949,0.2246202062865316,0.7288107772304057,0.063902622348661,0.6375919087918763,0.3477465533273324,0.0131888813025554,0.6027099580363817,0.4153734141208208,0.6527176400626256,1.0,33.06369931,3.543358483,South Sudan-Uganda,0.4385813228580539,170.0,0.6626746506986028,0.3824394551438593,0.4824230520791723,170.0,0.6626746506986028,170.0,0.6626746506986028
4351,000000000000000001b1,Uganda,,sample_camp,0.5291422971629763,0.6805397207163242,0.3383850344142476,4.432625022487935e-05,0.187564151483293,0.2200411319192443,0.7135444235232797,0.0701774673762782,0.552335130417749,0.5414403483236424,0.0175642425724129,0.6005361581438194,0.3803394703939159,0.4370115932937124,1.0,33.1163549,3.379362094,South Sudan-Uganda,0.4449044639767187,156.0,0.6906187624750499,0.3893949103743906,0.4893904777493681,156.0,0.6906187624750499,156.0,0.6906187624750499
4352,000000000000000000dc,Uganda,,sample_camp,0.7442051234517392,0.1024980144846508,0.7328636361409985,7.522030211851995e-05,0.1496618122513175,0.6762616269506648,0.9071109783180252,0.0594065237587027,0.7307733685153879,0.6561955495577163,0.0254112565749364,0.3131678652764559,0.4692015077210478,0.5654172955084918,1.0,33.88291429,3.722356758,South Sudan-Uganda,0.4573051999956656,142.0,0.718562874251497,0.4030357199952322,0.5030281979650203,142.0,0.718562874251497,142.0,0.718562874251497
4353,140,Uganda,,sample_camp,0.7559486237626166,0.1024980144846508,0.5636568131675512,0.0002066698934851,0.0141269707685337,0.7348870380461986,0.9008204501695258,0.0494380697365144,0.7204130512566164,0.4907145708078742,0.1247681624028575,0.3577533505587457,0.4509399999469871,0.479388855873706,1.0,33.96727046,3.67319281,South Sudan-Uganda,0.4451934798486796,155.0,0.6926147704590818,0.3897128278335474,0.4896921608441991,155.0,0.6926147704590818,155.0,0.6926147704590818
4354,153,Uganda,,sample_camp,0.819745627375748,0.1024980144846508,0.3239824465813728,0.0070746356063669,0.04062622493008,0.6797637517129682,0.8561001547679535,0.0496854871294666,0.7766423698313258,0.5239800171754446,0.0185669084584187,0.397008680468602,0.4682884515932928,0.3494420361035789,1.0,33.89719079,3.609151848,South Sudan-Uganda,0.4427772008208276,160.0,0.6826347305389222,0.3870549209029103,0.4863474573422737,160.0,0.6826347305389222,160.0,0.6826347305389222
4355,0000000000000000015b,Uganda,,sample_camp,0.8605193886229514,0.1024980144846508,0.3844314906584692,0.0004876773407063,0.1720278543496816,0.7601577860462593,0.913134059504758,0.0594065248727554,0.7363447901989651,0.4298596703222955,0.0335319164211853,0.196933896252736,0.399551183353917,0.4201673574431258,1.0,33.90914271,3.747782156,South Sudan-Uganda,0.4313206225704686,183.0,0.6367265469061876,0.3744526848275155,0.4744039170934448,183.0,0.6367265469061876,183.0,0.6367265469061876
4356,0000000000000000004e,Uganda,,sample_camp,0.5974471618176063,0.3787077634284475,0.5648404276420709,0.0491930325666585,0.203193754885455,0.5785447790998435,0.904079095010038,0.0594065297276181,0.7721018645896639,0.3987669549981144,0.0403550030052529,0.6259672108286365,0.539267457190577,0.3712907600539492,1.0,33.68645139,3.828153369,South Sudan-Uganda,0.4991069923275169,60.0,0.8822355289421158,0.4490176915602687,0.5449821912597433,60.0,0.8822355289421158,65.0,0.872255489021956
4357,0000000000000000007b,Uganda,,sample_camp,0.5597872613125527,0.3787077634284475,0.4941489933498742,0.0051933751492963,0.0152103825372589,0.5552763454673069,0.8901118086385359,0.0594065278313049,0.7756844662871498,0.5158721766449591,0.021607190417079,0.5372889911545443,0.539267457190577,0.3712907600539492,1.0,33.6605083,3.795665244,South Sudan-Uganda,0.4758381779013776,105.0,0.7924151696606786,0.4234219956915154,0.5229026581765857,105.0,0.7924151696606786,106.0,0.7904191616766467
4358,0000000000000000013a,Uganda,,sample_camp,0.5696839435295098,0.3787077634284475,0.6610603699093204,0.0033295294718245,0.25968312278223,0.6498932829758064,0.8883718905952894,0.0594065296281641,0.8829994199623379,0.4807178973410239,0.0775727154879437,0.5628570418447887,0.539267457190577,0.3712907600539492,1.0,33.73533588,3.834532575,South Sudan-Uganda,0.5203091019163881,32.0,0.93812375249501,0.4723400121080269,0.5720070591608444,32.0,0.93812375249501,32.0,0.93812375249501
4359,000000000000000000d2,Uganda,,sample_camp,0.4314993628062997,0.4933255859006828,0.2921462295565913,0.0023071769936211,0.1549571164572336,0.1914128340412416,0.7019868417318074,0.0721730641003616,0.6506425765536118,0.689380965236374,0.0278669319654114,0.5159416084056869,0.3098175033152647,0.4444745823214837,1.0,33.27715754,3.13332546,South Sudan-Uganda,0.4306944673273579,186.0,0.6307385229540918,0.3737639140600935,0.4735331963607315,186.0,0.6307385229540918,186.0,0.6307385229540918
4360,000000000000000000eb,Uganda,,sample_camp,0.3991840692930635,0.5075401765100316,0.339158736648508,0.0061421941061123,0.2566203034330808,0.1961854901298879,0.6908098686057188,0.0722069369931434,0.8539610981810437,0.7849258609591424,0.0961444799326185,0.5159416084056869,0.3098175033152647,0.4444745823214837,1.0,33.24526787,3.159373964,South Sudan-Uganda,0.4743716894162352,108.0,0.7864271457085829,0.4218088583578588,0.5211946389472476,108.0,0.7864271457085829,109.0,0.7844311377245509
4361,59,Uganda,,sample_camp,0.3192525533604801,0.5415715552833816,0.2382212776585008,3.3265517791076347e-05,0.0835241014382659,0.0013578948936189,0.6169529954300609,0.0773446923021328,0.2847321276576952,0.7829555113615475,0.03720587749411,0.6806650148340851,0.3457062590141341,0.4239615339027351,1.0,32.67204728,2.879068216,South Sudan-Uganda,0.3977004184476991,236.0,0.530938123752495,0.337470460292469,0.4374671337406899,236.0,0.530938123752495,236.0,0.530938123752495
4362,65,Uganda,,sample_camp,0.368123218114061,0.5415715552833816,0.2574291843079856,0.0010716809512645,0.1624294147664674,0.0075577030043466,0.6185439347470615,0.077344704002611,0.2757376407007537,0.7560210858983037,0.0371464663018824,0.6556518306174337,0.3457062590141341,0.4239615339027351,1.0,32.70290902,2.849994459,South Sudan-Uganda,0.400130688298639,232.0,0.5389221556886228,0.3401437571285028,0.4400365890333765,233.0,0.5369261477045908,232.0,0.5389221556886228
4363,84,Uganda,,sample_camp,0.3232948812920662,0.5415715552833816,0.221811305523524,0.0234240276515382,0.1353796353609284,0.0074235959049245,0.6084298817834672,0.076848091512907,0.2775045035550879,0.7835816319890571,0.0376862272791924,0.678067454086027,0.3457062590141341,0.4239615339027351,1.0,32.66572828,2.894580822,South Sudan-Uganda,0.4035249792643399,228.0,0.5469061876247505,0.3438774771907738,0.4431351176002814,229.0,0.5449101796407185,230.0,0.5429141716566867
4364,0000000000000000010e,Uganda,,sample_camp,0.2618868351118195,0.5415715552833816,0.2758490674240242,0.5657790527629073,0.0632772985063455,0.0,0.6015448956476185,0.0798055177327282,0.3066215307606171,0.7025530637842822,0.1068470197104797,0.6806650148340851,0.3457062590141341,0.4239615339027351,1.0,32.64185573,2.871235589,South Sudan-Uganda,0.4467786991185318,153.0,0.6966067864271457,0.3914565690303851,0.491456569030385,153.0,0.6966067864271457,153.0,0.6966067864271457
4365,000000000000000001c3,Uganda,,sample_camp,0.2919222921347341,0.5415715552833816,0.2889258529594416,0.4944821412077189,0.1054238130488579,0.0124004838216485,0.6182115903305264,0.0773447113571973,0.3062584232610055,0.7423023914968816,0.0391938404798613,0.6806650148340851,0.3457062590141341,0.4239615339027351,1.0,32.68386703,2.839049206,South Sudan-Uganda,0.4442014102525545,157.0,0.688622754491018,0.38862155127781,0.4873815028956453,157.0,0.688622754491018,158.0,0.6866267465069861
4366,22,Uganda,,sample_camp,0.3606995094790146,0.2794335964861841,0.6221636384781767,8.36997460590628e-05,0.3302166909357306,0.9184042765296062,0.868674955574232,0.0574120290324593,0.914338127814992,0.580673969506406,0.0941999249493636,0.0961549226476853,0.5549682869151957,0.6828746311361841,1.0,34.35908649,3.546338241,South Sudan-Uganda,0.5124680410095869,39.0,0.9241516966067864,0.4637148451105456,0.5637064751359396,39.0,0.9241516966067864,39.0,0.9241516966067864
4367,0000000000000000005d,Uganda,,sample_camp,0.6295088198652096,0.2809409593122661,0.4179766849870565,0.002625507404532,0.3374088148056999,0.9729259575723764,0.889082492566419,0.0574120266923636,0.8142555793893963,0.4545583094946726,0.3103388732255613,0.5890801295932387,0.5549682869151957,0.6828746311361841,1.0,34.42406105,3.53725918,South Sudan-Uganda,0.5641986282072144,15.0,0.9720558882235528,0.5206184910279357,0.6203559402874828,15.0,0.9720558882235528,15.0,0.9720558882235528
4368,0000000000000000015e,Uganda,,sample_camp,0.6065291515087706,0.2809409593122661,0.6051656128810342,4.3156309722491786e-05,0.3697904905428254,0.9729259575723764,0.8909652553625921,0.0574120256117409,0.8142555793893963,0.4545583094946726,0.5228571250403646,0.5890801295932387,0.5549682869151957,0.6828746311361841,1.0,34.42584859,3.516553639,South Sudan-Uganda,0.5863986590484228,11.0,0.9800399201596808,0.545038524953265,0.6450342093222929,11.0,0.9800399201596808,11.0,0.9800399201596808
4369,93,Uganda,,sample_camp,0.8150920059632796,0.4946428333415799,0.4515533799607083,0.0005575226356202,0.2410060745667544,0.6036658975013738,0.7794824747282102,0.0850716724599089,0.7502890996614843,0.6479748142356392,0.050251370181857,0.4160705534817623,0.6621108583454974,0.4857673889768361,1.0,34.15889229,3.13611182,South Sudan-Uganda,0.5132774089708889,38.0,0.9261477045908184,0.4646051498679778,0.5645493976044158,38.0,0.9261477045908184,38.0,0.9261477045908184
4370,000000000000000000a2,Uganda,,sample_camp,0.8153396191918307,0.3494450040133129,0.4586516599333261,0.0043452498891743,0.3291959641806912,0.5794226018865817,0.7796872313303363,0.0852333029912947,0.6629621847827206,0.6681289801975246,0.0287990487765737,0.4160705534817623,0.6621108583454974,0.4857673889768361,1.0,34.13047378,3.161340553,South Sudan-Uganda,0.498197061534925,64.0,0.874251497005988,0.4480167676884175,0.5475822426995001,64.0,0.874251497005988,64.0,0.874251497005988
4371,000000000000000000a5,Uganda,,sample_camp,0.7929290733231897,0.4593900450128019,0.4723231366407995,0.0002223827852144,0.2456313995934805,0.550029929377533,0.7824150464781744,0.0852469167734916,0.7001712686376029,0.637896009840493,0.0142007061476115,0.4407422247494015,0.6621108583454974,0.4857673889768361,1.0,34.04483446,3.174845415,South Sudan-Uganda,0.4993463519061645,59.0,0.8842315369261478,0.449280987096781,0.5492587488182596,59.0,0.8842315369261478,59.0,0.8842315369261478
4372,0000000000000000007d,Uganda,,sample_camp,0.3712982174044069,0.2555737481991644,0.5546100702177543,0.0018973367128013,0.1255014047888684,0.9037727713851677,0.8751581312912127,0.0574120333783512,0.9151682858871498,0.6138865033651795,0.113081820271894,0.0961549226476853,0.5809600327287989,0.6864993584634937,1.0,34.34715438,3.587016109,South Sudan-Uganda,0.4982868142979929,63.0,0.8762475049900199,0.4481154957277922,0.5479257620565121,63.0,0.8762475049900199,63.0,0.8762475049900199
4373,000000000000000000a7,Uganda,,sample_camp,0.3662122561034712,0.2555737481991644,0.7060225805777853,4.4408446751887246e-05,0.5385748838770621,0.94235490167924,0.8993086182423311,0.0601215381728556,0.9179369218127452,0.7649374232738987,0.8456709604422633,0.190317972861628,0.5809600327287989,0.6864993584634937,1.0,34.37156019,3.643791144,South Sudan-Uganda,0.630516351960353,2.0,0.998003992015968,0.5935679871563884,0.6935635463117131,2.0,0.998003992015968,2.0,0.998003992015968
4374,000000000000000000aa,Uganda,,sample_camp,0.5032492997424372,0.2555737481991644,0.5074029052935176,0.0003508476520118,0.7131095544687759,1.0,0.893585780194865,0.0574120333942304,0.826253111372615,0.5836399710667177,0.6168504106052944,0.5975919286078349,0.5809600327287989,0.6864993584634937,1.0,34.41070013,3.596299508,South Sudan-Uganda,0.6425377622632799,1.0,1.0,0.6067915384896078,0.7067564537244067,1.0,1.0,1.0,1.0
4375,47,Uganda,,sample_camp,0.5986284594632622,0.4390151723050441,0.2392303027589957,0.0003641005864282,0.0053382871718981,0.206619620983323,0.7106136445374689,0.0663288630644817,0.4659957362539764,0.4668106082863118,0.0451292728179879,0.323432404005645,0.3036454783520706,0.3342548814759277,1.0,32.92265795,3.704479416,South Sudan-Uganda,0.3606331204818322,262.0,0.4790419161676646,0.2966964325300155,0.3966600224713726,272.0,0.4590818363273453,262.0,0.4790419161676646
4376,55,Uganda,,sample_camp,0.6994328651187753,0.4390151723050441,0.281202137102343,0.0001115284114657,0.1440863518656807,0.210289437774265,0.7122678802931123,0.0663292616563154,0.561958364037184,0.4925140352183177,0.2832074089432499,0.5362190318218377,0.3036454783520706,0.3342548814759277,1.0,32.96852221,3.670769591,South Sudan-Uganda,0.4257558808202026,195.0,0.6127744510978044,0.3683314689022228,0.4683203160610762,195.0,0.6127744510978044,195.0,0.6127744510978044
4377,108,Uganda,,sample_camp,0.6242290621316422,0.4927449814672496,0.5387753938872449,0.0022303142305498,0.0549905697673338,0.302760787431169,0.789920374709266,0.0701449184678234,0.674558932965178,0.538223198704092,0.0316591223695299,0.5498881428471818,0.2872374928271425,0.4952547897795978,1.0,33.46019436,3.271123447,South Sudan-Uganda,0.4294739924835176,187.0,0.6287425149700598,0.3724213917318693,0.4721983603088143,187.0,0.6287425149700598,187.0,0.6287425149700598
4378,196,Uganda,,sample_camp,0.6701053142063864,0.4927449814672496,0.5558808033401785,0.0004127007558513,0.1233904371957423,0.2935492624238415,0.7709940251141055,0.0701449241007679,0.6504561895894059,0.5697320318991166,0.0312297351976535,0.5498881428471818,0.2872374928271425,0.4952547897795978,1.0,33.45414846,3.246242206,South Sudan-Uganda,0.4336031817561174,180.0,0.6427145708582834,0.376963499931729,0.4769222298561439,180.0,0.6427145708582834,180.0,0.6427145708582834
4379,0.00E+00,Uganda,,sample_camp,0.4417402785482069,0.5017096794210661,0.4315238573739018,0.0019821831634738,0.1421651922298118,0.2868968562123496,0.7620437175788016,0.0701449344556912,0.706144311728184,0.5588729649475708,0.0344128416959404,0.5498881428471818,0.2872374928271425,0.4952547897795978,1.0,33.43153339,3.209599842,South Sudan-Uganda,0.4392139438774111,166.0,0.6706586826347305,0.3831353382651522,0.4829371199488048,166.0,0.6706586826347305,166.0,0.6706586826347305
4380,0000000000000000006f,Uganda,,sample_camp,0.8194445308551769,0.7616674672620022,0.4944349947686871,0.0099142163621542,0.1961712621769017,0.4409872777182371,0.8332265795166082,0.0643314170104497,0.7122529636689438,0.4614984372952166,0.0170433840072321,0.6423453469290349,0.3020780184353878,0.546380115683344,1.0,33.29980818,3.603422989,South Sudan-Uganda,0.4888349957610654,80.0,0.8423153692614771,0.4377184953371719,0.5367270737009566,80.0,0.8423153692614771,80.0,0.8423153692614771
4381,000000000000000000cf,Uganda,,sample_camp,0.815273834589311,0.7616674672620022,0.4335926586141613,0.0066478147388787,0.1024726142906383,0.4486627354444524,0.8334106729226748,0.0646622285221883,0.7226031636030904,0.4774731505108081,0.0252554827144484,0.6713712469175448,0.3020780184353878,0.546380115683344,1.0,33.30652815,3.609979626,South Sudan-Uganda,0.4865129424399933,85.0,0.8323353293413174,0.4351642366839926,0.5344994552101048,85.0,0.8323353293413174,85.0,0.8323353293413174
4382,000000000000000000ee,Uganda,,sample_camp,0.8070214339314496,0.7616674672620022,0.3012235515349465,0.0102047091351638,0.2381864540807806,0.4261899854934105,0.8169180201736739,0.0639026173550641,0.6575978824824139,0.4237498939136744,0.0141412956082067,0.629061696241541,0.3020780184353878,0.546380115683344,1.0,33.26072643,3.614563939,South Sudan-Uganda,0.4799814020751141,96.0,0.810379241516966,0.4279795422826254,0.5269590713691091,96.0,0.810379241516966,100.0,0.8023952095808383
4383,000000000000000000c8,Uganda,,sample_camp,0.3090480393775338,0.5903182474166139,0.4345182722432584,0.0019238035124616,0.0206990005328317,0.0442866832945386,0.5979601701887165,0.0670787096501661,0.1344787449113107,0.7221964186152656,0.0604630842543562,0.6767595896148636,0.4248815827183414,0.511104740751399,1.0,32.59827037,2.975441956,South Sudan-Uganda,0.3885424840963,243.0,0.5169660678642715,0.32739673250593,0.4272043521546839,244.0,0.5149700598802395,242.0,0.5189620758483033
4384,94,Uganda,,sample_camp,0.3083848189561623,0.5340170030905284,0.374465595750358,0.0027521109969612,0.1804963203276142,0.0249315540462832,0.5892296536720147,0.0836888854155729,0.1350740158213539,0.7174014384969682,0.0501181332519957,0.6876199960128178,0.4248815827183414,0.511104740751399,1.0,32.55548326,2.920280006,South Sudan-Uganda,0.3951383462213526,237.0,0.5289421157684631,0.3346521808434879,0.4343769697437917,237.0,0.5289421157684631,237.0,0.5289421157684631
4385,000000000000000000fb,Uganda,,sample_camp,0.7921328001794327,0.7616674672620022,0.3501534041029187,0.021854533132085,0.0728801021205155,0.4888584826455977,0.84624903332761,0.0647001557485112,0.8529194225604352,0.4400422752606892,0.0298429618215518,0.6726118399666882,0.2637449445923371,0.2963792928445651,1.0,33.35830451,3.607566382,South Sudan-Uganda,0.4955155511535919,66.0,0.8702594810379242,0.4450671062689511,0.5428816529557425,66.0,0.8702594810379242,68.0,0.8662674650698603
4386,000000000000000001c1,Uganda,,sample_camp,0.6563382655685034,0.7616674672620022,0.7252640796311455,8.837827172302786e-06,0.2410932091095184,0.4931570078025989,0.8357848821284519,0.0647001573915927,0.907322417026456,0.4367412024216705,0.0204955812780391,0.6327770919693634,0.2637449445923371,0.2963792928445651,1.0,33.38546275,3.582370894,South Sudan-Uganda,0.5084356946743281,47.0,0.908183632734531,0.459279264141761,0.5592783803590436,47.0,0.908183632734531,46.0,0.9101796407185628
4387,137,Uganda,,sample_camp,0.5320453336067299,0.2555737481991644,0.4817618565523377,0.0003073720449281,0.3106570494136669,0.922485178638157,0.8863359213246098,0.0400710960032138,0.9251952869966108,0.709615344375001,0.1345722867671951,0.0985766938403929,0.3480040813993337,0.4868577566809353,1.0,34.29440969,3.6111119,South Sudan-Uganda,0.5083020875453692,48.0,0.906187624750499,0.459132296299906,0.5591015590954133,48.0,0.906187624750499,47.0,0.908183632734531
4388,000000000000000000af,Uganda,,sample_camp,0.683385439484251,0.0,0.4945559854119911,0.0001009321037502,0.4089731342037573,0.8280067616735401,0.8871274294987707,0.0573451189761171,0.7920439418408679,0.5132147693346718,0.1931237574051044,0.1259141793426648,0.3480040813993337,0.4868577566809353,1.0,34.24375457,3.58334752,South Sudan-Uganda,0.4633189988002238,132.0,0.7385229540918163,0.4096508986802461,0.5096508986802462,132.0,0.7385229540918163,132.0,0.7385229540918163
4389,172,Uganda,,sample_camp,0.7862081455720753,0.0,0.5239388178773016,0.0070358581641595,0.1072260482762981,0.8363791852679677,0.8955745585432621,0.0228855411241548,0.7873220182779452,0.5577997271440358,0.1154277960415657,0.1239436668129943,0.3480040813993337,0.4868577566809353,1.0,34.20391123,3.600542769,South Sudan-Uganda,0.4344284490843239,179.0,0.6447105788423154,0.3778712939927563,0.4778712939927563,179.0,0.6447105788423154,179.0,0.6447105788423154
4390,21,Uganda,,sample_camp,0.4093453504371766,0.5559837913974869,0.5021608748712881,0.0,0.1249531985069317,0.0871616239008613,0.6391144625327821,0.0758778552235737,0.5133083062536057,0.7007478070146407,0.0297513594647368,0.565984917452564,0.269267640194155,0.3470673044161634,1.0,33.03042446,3.010094036,South Sudan-Uganda,0.4078430097016149,220.0,0.562874251497006,0.3486273106717764,0.4486273106717764,221.0,0.5608782435129741,220.0,0.562874251497006
4391,0000000000000000003a,Uganda,,sample_camp,0.3781480616628777,0.5641201459973422,0.2322330381685611,0.0014909743508425,0.1189815973196888,0.1022910435387616,0.642343387500899,0.0773280117326641,0.4503310906335191,0.6664544621074512,0.0349815933014419,0.565984917452564,0.269267640194155,0.3470673044161634,1.0,33.02527126,3.070169242,South Sudan-Uganda,0.4014769865815149,231.0,0.5409181636726547,0.3416246852396666,0.4414755878045822,232.0,0.5389221556886228,231.0,0.5409181636726547
4392,182,Uganda,,sample_camp,0.7564460160783762,0.2523264244016489,0.4621308968609545,0.0001332469850086,0.2954347981729719,0.6387822982325495,0.8041342386225772,0.0596835194624693,0.6624651234043747,0.6440411888878353,0.0496861138622534,0.3742881259556714,0.5123643078861206,0.5424788004267479,1.0,34.01553071,3.366058468,South Sudan-Uganda,0.4757868969464556,106.0,0.7904191616766467,0.4233655866411012,0.5233522619426003,106.0,0.7904191616766467,105.0,0.7924151696606786
4393,000000000000000001ee,Uganda,,sample_camp,0.4821628793561335,0.4593900450128019,0.1783397629546428,0.0279482028862819,0.2429858838571409,0.6052330412154918,0.8048866674289812,0.0596835167981032,0.7705418481308742,0.7864824805065421,0.0297340127293804,0.4433162159481389,0.5123643078861206,0.5424788004267479,1.0,33.96028114,3.321502996,South Sudan-Uganda,0.5166257005092505,36.0,0.9301397205588824,0.4682882705601755,0.5654934502715473,36.0,0.9301397205588824,37.0,0.9281437125748504
4394,0.00E+00,Uganda,,sample_camp,0.4346863835705398,0.8303005508302603,0.3695918391417591,8.252071723016093e-05,0.1348464749430398,0.0893247775128893,0.6133120650059511,0.0657127808980411,0.2002377603246412,0.6354939771379003,0.0664658557012675,0.665594497688711,0.4009342779513012,0.4248894611925383,1.0,32.57443858,3.429166583,South Sudan-Uganda,0.421508432528472,204.0,0.5948103792415169,0.3636592757813193,0.4636510237095962,204.0,0.5948103792415169,203.0,0.5968063872255489
4395,27,Uganda,,sample_camp,0.5355430305035507,0.4727397792418638,0.4820650994484787,0.0002575607899671,0.2632568624249831,0.5364660439925228,0.8656612529797051,0.0551849414726465,0.9431988887913428,0.5139467817833561,0.2449408524635048,0.3016573321430711,0.223863005970118,0.4522700093651236,1.0,33.64696896,3.511051744,South Sudan-Uganda,0.4878171236891303,83.0,0.8363273453093812,0.4365988360580434,0.5365730799790467,83.0,0.8363273453093812,81.0,0.8403193612774451
4396,66,Uganda,,sample_camp,0.5920598394930066,0.3853805768740031,0.6534115224492679,7.815195666556676e-05,0.0711347453718493,0.6128369533605612,0.9079659707102952,0.0495638157787592,0.98275619921735,0.6429287104984371,0.0144868570300034,0.4347673439965902,0.223863005970118,0.4522700093651236,1.0,33.74042153,3.552709375,South Sudan-Uganda,0.4796544104532612,98.0,0.8063872255489022,0.4276198514985873,0.5276120363029209,98.0,0.8063872255489022,97.0,0.8083832335329342
4397,0000000000000000012b,Uganda,,sample_camp,0.370345603765972,0.5308393530330695,0.4838783851013091,0.0019298270013888,0.2400225607618728,0.5180555616067526,0.8421698072015628,0.0558285268650761,0.9249426819989162,0.5090255681537557,0.3190229170955747,0.3016573321430711,0.223863005970118,0.4522700093651236,1.0,33.64152571,3.549591277,South Sudan-Uganda,0.4919571468150984,73.0,0.8562874251497006,0.4411528614966082,0.5409598787964695,73.0,0.8562874251497006,72.0,0.8582834331337326
4398,0000000000000000009d,Uganda,,sample_camp,0.4105211395184238,0.4202992916493059,0.4297036440644152,0.001498185258599,0.0189879534668674,0.5955319570817801,0.8879157000186386,0.0551548517230647,0.9106550405339966,0.5830257773222823,0.0355982477033383,0.3549164115753982,0.223863005970118,0.4522700093651236,1.0,33.67668475,3.488817833,South Sudan-Uganda,0.4574810518709386,141.0,0.720558882235529,0.4032291570580325,0.5030793385321726,141.0,0.720558882235529,141.0,0.720558882235529
4399,000000000000000000f1,Uganda,,sample_camp,0.4966472565480471,0.4202992916493059,0.5173675886383573,0.0010613778097357,0.1246390065376653,0.5911458420270175,0.8742266048861673,0.0551548517949391,0.9087121061892214,0.5802619282833016,0.0335882089337445,0.3549164115753982,0.223863005970118,0.4522700093651236,1.0,33.65661379,3.489811712,South Sudan-Uganda,0.4647921621692433,130.0,0.7425149700598802,0.4112713783861676,0.5111652406051941,130.0,0.7425149700598802,130.0,0.7425149700598802
4400,000000000000000000de,Uganda,,sample_camp,0.270975966386487,0.5415715552833816,0.3385601622608376,0.0005640008064567,0.2105704644831697,0.0494231279163507,0.6174899031366571,0.075593428056346,0.2049049353335155,0.7711396256942454,0.0321999417902338,0.6597546508122166,0.3132290872481089,0.5355140967224559,1.0,32.69874713,2.919363126,South Sudan-Uganda,0.4000770265913033,233.0,0.5369261477045908,0.3400847292504336,0.4400283291697879,234.0,0.5349301397205589,233.0,0.5369261477045908
4401,0000000000000000012c,Uganda,,sample_camp,0.3245287805527666,0.5897007373436721,0.3025874300559086,0.0002798642297647,0.0241732621812474,0.0676800262070583,0.6089075266130223,0.0773434690254932,0.2619953083317334,0.7661298777687968,0.0339759422743016,0.6599576926589694,0.3132290872481089,0.5355140967224559,1.0,32.68424449,2.959580205,South Sudan-Uganda,0.3932753931687886,238.0,0.5269461077844312,0.3326029324856674,0.432574946062691,239.0,0.5249500998003992,238.0,0.5269461077844312
4402,193,Uganda,,sample_camp,0.2303036823258055,0.5897007373436721,0.4553766180155667,0.0007407460729074,0.1492070948333689,0.0643179560063706,0.6084713082544726,0.0773446617304547,0.1823811353879924,0.6867429057092924,0.0365569156888967,0.6594276233153912,0.3132290872481089,0.5355140967224559,1.0,32.72410542,2.964128259,South Sudan-Uganda,0.3900705008964067,242.0,0.5189620758483033,0.3290775509860473,0.4290034763787566,243.0,0.5169660678642715,241.0,0.5209580838323353
4403,000000000000000000c0,Uganda,,sample_camp,0.6423676300501809,0.1225902358993193,0.9425314947684644,9.67448121647416e-05,0.4509096639931712,0.903813800072563,0.8468176836548617,0.0129956894169349,0.7719995059108588,0.4551246808372401,0.1874668349121727,0.2725565497322399,0.4683530471061551,0.294131948090997,1.0,34.08211181,3.534889913,South Sudan-Uganda,0.498157158811886,65.0,0.872255489021956,0.4479728746930746,0.5479632002118582,65.0,0.872255489021956,62.0,0.8782435129740519
4404,0000000000000000018e,Uganda,,sample_camp,0.7848293101167085,0.1225902358993193,1.0,2.8024194504950454e-05,0.3631277108461014,0.8126930838728786,0.8319992266718328,0.0357658919822824,0.7210274571414498,0.4841599933522291,0.1848744331813439,0.2966669711066785,0.4683530471061551,0.294131948090997,1.0,34.1136943,3.478248177,South Sudan-Uganda,0.4805018348520448,95.0,0.812375249500998,0.4285520183372493,0.5285492159177989,95.0,0.812375249500998,95.0,0.812375249500998
4405,000000000000000001a9,Uganda,,sample_camp,0.3750482157512627,0.7796223024907011,0.2708415107382146,0.0001606598675099,0.0225460811997162,0.1108351262322759,0.58628190257634,0.0647070030087668,0.2498009082536018,0.6339040665966518,0.0473195468640929,0.645720948320817,0.3934818129028563,0.4222563204550174,1.0,32.57182877,3.348024994,South Sudan-Uganda,0.4063339413913239,223.0,0.5568862275449101,0.3469673355304563,0.4469512695437053,224.0,0.5548902195608783,222.0,0.5588822355289421
4406,000000000000000000d5,Uganda,,sample_camp,0.4716904314070357,0.7225797944019678,0.3431860558055776,0.0036357264978988,0.2401717412342914,0.1021704533988705,0.5764791183610634,0.0647070058603404,0.2787930682098998,0.619490893582406,0.0623759054116748,0.6537051331532225,0.3934818129028563,0.4222563204550174,1.0,32.51986269,3.306445384,South Sudan-Uganda,0.4229894224685593,199.0,0.6047904191616766,0.3652883647154151,0.4649247920656253,199.0,0.6047904191616766,200.0,0.6027944111776448
4407,000000000000000000f4,Uganda,,sample_camp,0.6324705913290557,0.8303005508302603,0.5655592056746807,0.0009833134351796,0.0059391904970906,0.0816282333298056,0.6195251269316984,0.0657127745079085,0.1948136707826855,0.6364829625921334,0.0502589730651871,0.6658137436006218,0.3802733015073126,0.4136563042732317,1.0,32.55716075,3.491933249,South Sudan-Uganda,0.406001733324725,224.0,0.5548902195608783,0.3466019066571975,0.4465035753136795,225.0,0.5528942115768463,224.0,0.5548902195608783
4408,000000000000000001ab,Uganda,,sample_camp,0.5485526687854131,0.8303005508302603,0.3956957464736957,0.0051287998672823,0.1628754406415921,0.103468050079065,0.6420864469950509,0.0657127749600484,0.2571363955328912,0.6212544307016217,0.0369551971954586,0.6068002569080878,0.3802733015073126,0.4136563042732317,1.0,32.61109161,3.503703103,South Sudan-Uganda,0.4223889882053294,202.0,0.5988023952095808,0.3646278870258623,0.464115007039134,202.0,0.5988023952095808,202.0,0.5988023952095808
4409,42,Uganda,,sample_camp,0.4641879430175237,0.4358723037490778,0.2363896010965206,7.670600828198249e-06,0.0743634891950336,0.0990153561399144,0.6534239254623525,0.0667699331826969,0.3865235821785532,0.5870531386837229,0.0246519313369188,0.6134078327504782,0.2740103862940843,0.2039147876580072,1.0,32.66331832,3.591360462,South Sudan-Uganda,0.3771208742173604,252.0,0.499001996007984,0.3148329616390964,0.4148321945790136,256.0,0.4910179640718562,252.0,0.499001996007984
4410,000000000000000000bd,Uganda,,sample_camp,0.4730094048291326,0.4358723037490778,0.5979596591058594,0.0001840815521521,0.3928970119187893,0.1656326349799335,0.6747394242455432,0.0661377199881623,0.4464592460558663,0.6167130483787249,0.4005123382409316,0.5456696845510444,0.2740103862940843,0.2039147876580072,1.0,32.75128193,3.624579924,South Sudan-Uganda,0.4502445599969225,150.0,0.7025948103792415,0.3952690159966147,0.4952506078413995,150.0,0.7025948103792415,150.0,0.7025948103792415
4411,82,Uganda,,sample_camp,0.4021712100535402,0.6689359977285644,0.2515026827686945,0.0001833433355884,0.0369817478148484,0.1549663582052493,0.6646075019702288,0.0820347157579411,0.4037632559194429,0.750591162191862,0.0229315791380936,0.6274390800804899,0.4724213675427482,0.5439977698038126,1.0,32.97176658,3.24001529,South Sudan-Uganda,0.4366201267206469,175.0,0.6526946107784432,0.3802821393927117,0.4802638050591527,175.0,0.6526946107784432,175.0,0.6526946107784432
4412,000000000000000000cd,Uganda,,sample_camp,0.3992633665535801,0.6689359977285644,0.278521920974781,3.682888417900796e-06,0.047998497458664,0.1549663582052493,0.6628246689652575,0.0787744903050758,0.4037632559194429,0.750591162191862,0.0203719080936426,0.6274390800804899,0.4724213675427482,0.5439977698038126,1.0,32.95953614,3.222973483,South Sudan-Uganda,0.4372105435522126,174.0,0.654690618762475,0.3809315979074338,0.4809312296185921,174.0,0.654690618762475,173.0,0.656686626746507
4413,115,Uganda,,sample_camp,0.4145046480955978,0.6689359977285644,0.3121949818271204,0.0020464532651628,0.0360048622243473,0.1401812563918322,0.6779698087428946,0.087436478935669,0.5079162699983002,0.6863203722507297,0.0299495900198051,0.6274390800804899,0.4724213675427482,0.5439977698038126,1.0,32.96888973,3.255610708,South Sudan-Uganda,0.4408350052949885,163.0,0.6766467065868264,0.3849185058244874,0.4847138604979711,163.0,0.6766467065868264,162.0,0.6786427145708582
4414,102,Uganda,,sample_camp,0.501316387808531,0.7128593261316161,0.3001618182545119,4.2326204743212016e-05,0.2161732046271656,0.1036936764249494,0.6162989437547655,0.0746168020940736,0.2701538496103932,0.6402758360554602,0.0338263674742118,0.6564846213601003,0.4952525677431117,0.5309228896606725,1.0,32.73092155,3.298587874,South Sudan-Uganda,0.4313691563078651,182.0,0.6387225548902196,0.3745060719386518,0.4745018393181773,182.0,0.6387225548902196,182.0,0.6387225548902196
4415,000000000000000001b0,Uganda,,sample_camp,0.4834933030787795,0.7128593261316161,0.3887002836953064,0.0020829844609624,0.0067937188849386,0.0856595313403563,0.6077104508958627,0.0647070068791178,0.2484683132086937,0.5905368785803179,0.0389292202017238,0.6513555437053101,0.4952525677431117,0.5309228896606725,1.0,32.67949105,3.300286427,South Sudan-Uganda,0.4036044122866266,227.0,0.5489021956087824,0.3439648535152894,0.443756555069193,228.0,0.5469061876247505,226.0,0.5508982035928144
4416,0000000000000000001d,Uganda,,sample_camp,0.6310390124236528,0.5978390046744356,0.4167921903169978,4.9122474328516346e-05,0.0339132862666812,0.3842592202277288,0.7983758701342692,0.0651294301976022,0.880296464883652,0.481826519860368,0.0289163981026103,0.5855071332258953,0.2471123011129692,0.324823798577064,1.0,33.39464969,3.446492357,South Sudan-Uganda,0.4580086655420853,139.0,0.7245508982035929,0.4038095320962939,0.503804619848861,139.0,0.7245508982035929,139.0,0.7245508982035929
4417,0000000000000000011a,Uganda,,sample_camp,0.689595431594584,0.5978390046744356,0.4354692458591278,0.0002719844333294,0.2948336939927982,0.3716762574524107,0.7910189482454327,0.0697172806949967,0.8800898864155732,0.4891470744970916,0.0143423166544062,0.5859684580506214,0.2471123011129692,0.324823798577064,1.0,33.35692814,3.445189922,South Sudan-Uganda,0.4792999932299152,100.0,0.8023952095808383,0.4272299925529069,0.5272027941095738,100.0,0.8023952095808383,99.0,0.8043912175648703
4418,125,Uganda,,sample_camp,0.5796726191554327,0.6840389612413506,0.4721025699938999,0.0001339938229924,0.1865454697971534,0.1957638741577606,0.6939788404399497,0.0836783261852906,0.4337906346042201,0.4845811500053004,0.0264247232693771,0.5954669864268857,0.7564791901412229,0.7798618131379187,1.0,32.94568556,3.410446838,South Sudan-Uganda,0.4597458021732921,137.0,0.7285429141716567,0.4057203823906213,0.5057069830083221,137.0,0.7285429141716567,136.0,0.7305389221556886
4419,147,Uganda,,sample_camp,0.4101581339406477,0.6840389612413506,0.3915929376050818,0.1337423419862741,0.013925914932328,0.2203226430340924,0.7082559938658016,0.0701774534192792,0.500805061977582,0.5077306630367339,0.0319325434971346,0.6149545844246525,0.7564791901412229,0.7798618131379187,1.0,33.02066171,3.428929743,South Sudan-Uganda,0.4701988998306519,119.0,0.7644710578842315,0.4172187898137172,0.5158261983204844,119.0,0.7644710578842315,120.0,0.7624750499001997
4420,9,Uganda,,sample_camp,0.613163579081815,0.6805397207163242,0.6620967949791906,0.0002960320907054,0.2378592978354534,0.2720890521938782,0.7281156779124112,0.0701774531351247,0.7783089111611156,0.5787157724576373,0.0183232310989287,0.5845812918666395,0.3794492816880406,0.4394288430384676,1.0,33.16815513,3.433932913,South Sudan-Uganda,0.4780252971837395,102.0,0.7984031936127745,0.4258278269021135,0.5257982236930429,102.0,0.7984031936127745,102.0,0.7984031936127745
4421,0000000000000000017c,Uganda,,sample_camp,0.5920746018322819,0.6805397207163242,0.3601149290990585,0.0062304277013798,0.2366412767102203,0.2467848324298441,0.719789249851701,0.0701774531267672,0.5639716623666018,0.5300774398098215,0.0181256456778752,0.6149545844246525,0.3794492816880406,0.4394288430384676,1.0,33.07289144,3.446907533,South Sudan-Uganda,0.4542331019433147,146.0,0.7105788423153693,0.3996564121376461,0.4990333693675082,146.0,0.7105788423153693,146.0,0.7105788423153693
4422,103,Uganda,,sample_camp,0.4831724914943567,0.6694110395499201,0.4983071716955293,0.5865115865193297,0.0840381623733944,0.1528838411155216,0.703055971535834,0.0727480498029846,0.5288805307474779,0.6092717063518289,0.046442544909396,0.6402857120409954,0.6147940677417861,0.6098184700371335,1.0,32.98913047,3.339940517,South Sudan-Uganda,0.5123250148077713,40.0,0.9221556886227544,0.4635575162885484,0.5589132617976088,40.0,0.9221556886227544,48.0,0.906187624750499
4423,0000000000000000012d,Uganda,,sample_camp,0.3992553662933704,0.6689359977285644,0.3387893962449883,3.414383501296991e-05,0.0053382871718981,0.1536759726657906,0.6797757154394015,0.0843057807602348,0.4028031676744693,0.6096630963072385,0.0221644884638645,0.6402857120409954,0.6147940677417861,0.6098184700371335,1.0,32.93164656,3.317328341,South Sudan-Uganda,0.4361336953699109,178.0,0.6467065868263473,0.3797470649069022,0.4797436505234008,178.0,0.6467065868263473,178.0,0.6467065868263473
4424,000000000000000000c7,Uganda,,sample_camp,0.6705354729026837,0.3462591292129456,0.4303964718614791,0.0001238468861656,0.4612036095977347,0.7425742335228532,0.943918551335298,0.0594065449591335,0.8220785204770484,0.502509278925619,0.3630554736214462,0.3321526462220468,0.5436594598409804,0.6647376175138957,1.0,33.90974373,4.074875969,South Sudan-Uganda,0.5506849772401945,21.0,0.9600798403193612,0.5057534749642139,0.6057410902755972,21.0,0.9600798403193612,21.0,0.9600798403193612
4425,0000000000000000012f,Uganda,,sample_camp,0.5701902561162363,0.3462591292129456,0.5488194812249683,0.0003783633364202,0.3821079587855073,0.7443560202673669,0.9769895866778636,0.0594065478324367,0.7944556645581048,0.5725329675158427,0.591412930536748,0.3626008212023807,0.5436594598409804,0.6647376175138957,1.0,33.92416358,4.110978502,South Sudan-Uganda,0.5740684456303783,14.0,0.9740518962075848,0.531475290193416,0.631437453859774,14.0,0.9740518962075848,14.0,0.9740518962075848
4426,000000000000000001a6,Uganda,,sample_camp,0.4506920215497952,0.3462591292129456,0.5471254879558133,0.0015083384165885,0.3777569103654153,0.7671137077253242,0.9640819961186232,0.0601215549588631,0.849159378840958,0.5177786147687031,0.4444332309834831,0.3655533982870828,0.5436594598409804,0.6647376175138957,1.0,33.99707922,4.07321664,South Sudan-Uganda,0.5615731058691004,16.0,0.9700598802395208,0.5177304164560105,0.6175795826143515,16.0,0.9700598802395208,16.0,0.9700598802395208
4427,24,Uganda,,sample_camp,0.8410315827617814,0.1024980144846508,0.1651801354861176,0.0010953012946091,0.4529628218707922,0.7776146752284222,0.8701001304654478,0.0388029369810733,0.666506383632211,0.4161895641198784,0.0162661561189615,0.2328438232558778,0.4740161914804206,0.3168658618861217,1.0,34.01196883,3.630473434,South Sudan-Uganda,0.4554630056319337,144.0,0.7145708582834331,0.4010093061951272,0.5008997760656662,144.0,0.7145708582834331,143.0,0.716566866267465
4428,000000000000000001cc,Uganda,,sample_camp,0.8660480054329702,0.1024980144846508,0.3091252222196022,0.0127771341491038,0.2595294504620495,0.7221688805277379,0.8479505027826822,0.0388029232246539,0.740707995638583,0.6075750461336764,0.0059004480711168,0.3577533505587457,0.4740161914804206,0.3168658618861217,1.0,33.97756728,3.615040632,South Sudan-Uganda,0.4664433649353425,126.0,0.7504990019960079,0.4130877014288766,0.512497656621765,126.0,0.7504990019960079,126.0,0.7504990019960079
4429,0000000000000000004a,Uganda,,sample_camp,0.5961722990779403,0.4358723037490778,0.4408850165255676,9.47747611946502e-05,0.2476251226562026,0.1884392286835615,0.6655935808670475,0.0661377023020537,0.416743242231785,0.6163067025681597,0.0471690945976012,0.6046758057594158,0.2094463955982551,0.1648619861583953,1.0,32.63724904,3.740935347,South Sudan-Uganda,0.4029060228611182,230.0,0.5429141716566867,0.3431966251472301,0.4431871476711106,231.0,0.5409181636726547,229.0,0.5449101796407185
4430,1.00E+00,Uganda,,sample_camp,0.4167569724309001,0.4358723037490778,0.3260620897596278,0.0010965007008962,0.1076549466993875,0.1798259077224584,0.6704177535238595,0.0661377099742245,0.440726026011818,0.5655378212643738,0.0333264736609749,0.590794568790185,0.2094463955982551,0.1648619861583953,1.0,32.69998558,3.673857661,South Sudan-Uganda,0.3849726088837533,248.0,0.5069860279441117,0.3234698697721286,0.4233602197020389,249.0,0.5049900199600799,248.0,0.5069860279441117
4431,0000000000000000009a,Uganda,,sample_camp,0.8584161021969415,0.5405300733043039,0.2301170066711884,0.0178246998598824,0.2355743715690431,0.4251571200373716,0.8838498310863293,0.0725125184661866,0.7449121797353107,0.6591760865994359,0.0085011529828186,0.5567198749242581,0.2980858936752342,0.3350783334614117,1.0,33.70078229,3.246072542,South Sudan-Uganda,0.4882119348885443,82.0,0.8383233532934131,0.4370331283773987,0.536183013079117,82.0,0.8383233532934131,83.0,0.8363273453093812
4432,000000000000000000ae,Uganda,,sample_camp,0.7269992509387415,0.5405300733043039,0.5970283811595863,0.1388415247860364,0.2331630527408113,0.4423261231293542,0.8834214006825376,0.073365257416695,0.7698408611924887,0.7116464387938164,0.0052501868946223,0.5418794064009006,0.2980858936752342,0.3350783334614117,1.0,33.71958826,3.201017465,South Sudan-Uganda,0.5059077237818278,51.0,0.9001996007984032,0.4564984961600106,0.5559734774705484,51.0,0.9001996007984032,52.0,0.8982035928143712
4433,000000000000000000dd,Uganda,,sample_camp,0.8046825979179427,0.5405300733043039,0.6041889479106596,0.0003579053998822,0.2329368900319525,0.4000670340601416,0.8825085415721593,0.0733652492932201,0.6973335971788558,0.6827104925307791,0.0044775043940186,0.5685949995236986,0.2980858936752342,0.3350783334614117,1.0,33.68159034,3.214718564,South Sudan-Uganda,0.4825093574246387,91.0,0.8203592814371258,0.4307602931671027,0.5307245026271143,91.0,0.8203592814371258,91.0,0.8203592814371258
4434,40,Uganda,,sample_camp,0.6461468770723602,0.2523264244016489,0.5680380744838242,9.816462458444424e-05,0.2655559033187104,0.7283295083166993,0.8657170717592978,0.0596835246090082,0.9393698063427602,0.7832582994028513,0.1029769583158743,0.3666073990707705,0.4053972599695347,0.202164985456662,1.0,33.91345566,3.480638835,South Sudan-Uganda,0.5190578905020665,33.0,0.936127744510978,0.4709636795522732,0.5709538630898148,33.0,0.936127744510978,33.0,0.936127744510978
4435,76,Uganda,,sample_camp,0.7060620141301002,0.2523264244016489,0.5778339570347147,0.0006668156476609,0.2560566860962211,0.7785918068024873,0.8523983736524173,0.0596835251848389,0.9088945378941872,0.7490430144789632,0.0576614670277218,0.365195435756774,0.4053972599695347,0.202164985456662,1.0,33.96157365,3.493297505,South Sudan-Uganda,0.5114756201570562,42.0,0.9181636726546906,0.4626231821727616,0.5625565006079956,42.0,0.9181636726546906,41.0,0.9201596806387226
4436,0.00E+00,Uganda,,sample_camp,0.5768028181002839,0.2523264244016489,0.4246991939510972,0.0034960371859631,0.2427878956242847,0.7224077346330892,0.8649880110561463,0.0539659307605405,0.9271944653355144,0.7423611281373113,0.0576372388870518,0.3420840195509409,0.4053972599695347,0.202164985456662,1.0,33.90910649,3.509446274,South Sudan-Uganda,0.5055163831619532,53.0,0.8962075848303394,0.4560680214781485,0.5557184177595522,53.0,0.8962075848303394,53.0,0.8962075848303394
4437,183,Uganda,,sample_camp,0.711059075558241,0.2523264244016489,0.5383400802392467,2.18763848944727e-05,0.0709073592735593,0.7224077346330892,0.8628963651334842,0.0511117218771324,0.9271944653355144,0.7423611281373113,0.1025949109169812,0.3420840195509409,0.4053972599695347,0.202164985456662,1.0,33.92670914,3.531912994,South Sudan-Uganda,0.4934719585215417,70.0,0.8622754491017964,0.4428191543736959,0.5428169667352065,70.0,0.8622754491017964,69.0,0.8642714570858283
4438,35,Uganda,,sample_camp,0.723112017653933,0.1693833351527768,0.7228285371530175,0.0004193159508877,0.2286851552703041,0.6692017252745373,0.8964162507243928,0.0591784728000508,0.7374824461734486,0.659198936682528,0.0269326814754078,0.3199762733203502,0.4692716318393731,0.5657476433169527,1.0,33.85524017,3.706582901,South Sudan-Uganda,0.4706334319876369,117.0,0.7684630738522954,0.4176967751864006,0.5176548435913119,117.0,0.7684630738522954,117.0,0.7684630738522954
4439,0000000000000000005b,Uganda,,sample_camp,0.7887645564629098,0.1024980144846508,0.6170165863322553,0.0002737061507333,0.1872441529791148,0.6753727705527743,0.8839556985666276,0.0503897773825604,0.7881616459614111,0.6392056532936965,0.0240764352375556,0.3982664596474584,0.4692716318393731,0.5657476433169527,1.0,33.87846191,3.694915615,South Sudan-Uganda,0.4698478335193995,120.0,0.7624750499001997,0.4168326168713395,0.5168052462562661,120.0,0.7624750499001997,119.0,0.7644710578842315
4440,0000000000000000015c,Uganda,,sample_camp,0.3750169698859203,0.6689359977285644,0.2673895288065787,0.0001900934613105,0.1990606888986228,0.1381853735822619,0.6358347363964426,0.0876921829332329,0.3109755550237637,0.7780712018218638,0.0352481446657399,0.6465883568390485,0.355042230772796,0.4498320994122489,1.0,32.88707809,3.175006642,South Sudan-Uganda,0.4334665799264012,181.0,0.6407185628742516,0.3768132379190415,0.4767942285729103,181.0,0.6407185628742516,181.0,0.6407185628742516
4441,0000000000000000013b,Uganda,,sample_camp,0.4443994814742704,0.5897007373436721,0.3179023353876165,0.0007633084102337,0.0695199261014353,0.1052521692849677,0.6175132360612553,0.0688872235176475,0.218379871830345,0.5904192912445659,0.032774610654284,0.7117731371954003,0.355042230772796,0.4498320994122489,1.0,32.79004498,3.110862864,South Sudan-Uganda,0.3901035017180868,241.0,0.5209580838323353,0.3291138518898955,0.4290375210488721,242.0,0.5189620758483033,240.0,0.5229540918163673
4442,000000000000000000ca,Uganda,,sample_camp,0.5750109131484353,0.4987818722881259,0.2556487661921159,0.000217319607005,0.5531336563361411,0.8191606409475644,0.9834754147533132,0.0602230128718022,0.8565159706016083,0.4322130643158594,0.4031467695388788,0.4519966845500621,0.6724181771529697,1.0,1.0,34.06818208,4.076818581,South Sudan-Uganda,0.6064599609174116,7.0,0.9880239520958084,0.5671059570091528,0.6670842250484522,7.0,0.9880239520958084,7.0,0.9880239520958084
4443,000000000000000001b8,Uganda,,sample_camp,0.5701484454606985,0.3462591292129456,0.6555411814446372,0.0102871267106667,0.608801801252864,0.803787570255419,0.9748119807145824,0.0601296932958507,0.8358554682224024,0.528771761393498,0.3145623951980485,0.4380511223524765,0.6724181771529697,1.0,1.0,34.04214752,4.099598104,South Sudan-Uganda,0.5939642302241702,10.0,0.9820359281437124,0.5533606532465873,0.6523319405755206,10.0,0.9820359281437124,10.0,0.9820359281437124
4444,99,Uganda,,sample_camp,0.5079305483112694,0.6840389612413506,0.4905047456467367,2.285140145821377e-05,0.185669486445402,0.1584448817275157,0.7009416625374137,0.0668078019500877,0.4507082680537007,0.5771794253527528,0.0085225316606964,0.5888918187148113,0.7709614890649348,0.7612754815288364,1.0,32.91776695,3.519141159,South Sudan-Uganda,0.4659437614727306,127.0,0.7485029940119761,0.4125381376200036,0.5125358524798578,127.0,0.7485029940119761,125.0,0.7524950099800399
4445,173,Uganda,,sample_camp,0.532680397865552,0.6840389612413506,0.5099937971067061,0.0007904086230348,0.200045316535673,0.1793181730007233,0.698101535766933,0.0671107630258178,0.3879446596032349,0.4988087500062372,0.0235736965312862,0.5954669864268857,0.7709614890649348,0.7612754815288364,1.0,32.91790174,3.485899637,South Sudan-Uganda,0.4580954524363903,138.0,0.7265469061876247,0.4039049976800292,0.5038259568177259,138.0,0.7265469061876247,138.0,0.7265469061876247
4446,85,Uganda,,sample_camp,0.6252562924758663,0.625031102011253,0.2972053242800355,0.0007611335208017,0.2722477339495369,0.5673435702234559,0.8701770161429563,0.064700146463346,0.8574589264032187,0.6881926713010292,0.1447411190123884,0.5792381241388523,0.1188323031719754,0.2903281788138916,1.0,33.4813604,3.706073513,South Sudan-Uganda,0.5203657908977699,31.0,0.940119760479042,0.4724023699875468,0.5723262566354667,31.0,0.940119760479042,31.0,0.940119760479042
4447,88,Uganda,,sample_camp,0.5332634431828094,0.625031102011253,0.4309223938738141,5.5590790916621226e-05,0.0504938649667664,0.5732356191700136,0.867486458917399,0.0647001493600501,0.8411210456434506,0.5341430747345702,0.2545463881631911,0.6233500087894779,0.1188323031719754,0.2903281788138916,1.0,33.49543046,3.668433464,South Sudan-Uganda,0.4989359505780921,61.0,0.8802395209580839,0.4488295456359014,0.5488239865568096,61.0,0.8802395209580839,60.0,0.8822355289421158
4448,000000000000000001ac,Uganda,,sample_camp,0.5236663203017834,0.5861031824500056,0.3734167961667297,0.0,0.155648422783521,0.2005238243044476,0.6981921887618453,0.0752151461048779,0.5410880275782268,0.6443854252918556,0.0,0.6150135082979544,0.3599292041200462,0.4749264082676472,1.0,33.09850531,3.264881154,South Sudan-Uganda,0.436443980326173,176.0,0.6506986027944112,0.3800883783587902,0.4800883783587902,176.0,0.6506986027944112,176.0,0.6506986027944112
4449,000000000000000001d3,Uganda,,sample_camp,0.5587808692119799,0.5861031824500056,0.347901025138892,0.0001836021471379,0.1126446774406861,0.2044434973771031,0.7002999832313782,0.076438028430007,0.7837740482028916,0.6356965092990888,0.0111706405396252,0.6111301795312214,0.3599292041200462,0.4749264082676472,1.0,33.16708161,3.26648352,South Sudan-Uganda,0.4550341385762895,145.0,0.7125748502994012,0.4005375524339184,0.5005191922192047,145.0,0.7125748502994012,144.0,0.7145708582834331
4450,37,Uganda,,sample_camp,0.8692055475191975,0.5404061585425197,0.6612786894687844,0.000167456993714,0.2345880640539682,0.3849914559298805,0.8600485729902642,0.0733652687243714,0.7121828399135003,0.6753669468717033,0.0017294542897544,0.552609689245313,0.3569465250395544,0.4113820009062053,1.0,33.65594193,3.16710411,South Sudan-Uganda,0.4835488330791065,88.0,0.8263473053892215,0.4319037163870172,0.5318869706876457,88.0,0.8263473053892215,88.0,0.8263473053892215
4451,69,Uganda,,sample_camp,0.8519142328405007,0.5436312040584701,0.7123100451301105,5.687749993064138e-05,0.2356854991522915,0.334457919218488,0.8693542150940796,0.0724615699707192,0.7219216054009213,0.7560099704343238,0.0037620724959939,0.5524559961424506,0.3569465250395544,0.4113820009062053,1.0,33.69183361,3.136755593,South Sudan-Uganda,0.4885710804124094,81.0,0.8403193612774451,0.4374281884536503,0.5374225007036573,81.0,0.8403193612774451,78.0,0.846307385229541
4452,0000000000000000014b,Uganda,,sample_camp,0.7504040102655566,0.5339465843921224,0.4667004578911812,0.0004949834205161,0.1902619442933822,0.4348472648643003,0.8836330240654076,0.0647001844731852,0.8387291466290624,0.6049233024634939,0.0065907141210308,0.4127737627705219,0.2932421583821793,0.4081502041590461,1.0,33.65267386,3.310934017,South Sudan-Uganda,0.4726766259456381,111.0,0.780439121756487,0.4199442885402017,0.5198947901981502,111.0,0.780439121756487,111.0,0.780439121756487
4453,0000000000000000000d,Uganda,,sample_camp,0.7370831783450627,0.4202992916493059,0.4414272066225166,0.020067073392288,0.1294651500265283,0.4912488217690746,0.8911203235041523,0.0660162151152019,0.886258725891204,0.6102147765649375,0.0070064421723042,0.52278782593495,0.2932421583821793,0.4081502041590461,1.0,33.74146876,3.357759986,South Sudan-Uganda,0.4792464172079023,101.0,0.8003992015968064,0.4271710589286925,0.526470414711462,101.0,0.8003992015968064,101.0,0.8003992015968064
4454,44,Uganda,,sample_camp,0.9158969904588942,0.3787077634284475,0.5261363244158858,0.0001210783102576,0.0931931689366961,0.6100785379986158,0.913741057659163,0.0594065347304083,0.6735656691210878,0.0148347989217331,0.021001726631375,0.6590409353968475,0.8167789274154789,0.6531032304155576,1.0,33.7012499,3.906638523,South Sudan-Uganda,0.4710057876199729,116.0,0.7704590818363274,0.4181063663819702,0.5180942585509445,116.0,0.7704590818363274,116.0,0.7704590818363274
4455,000000000000000000c4,Uganda,,sample_camp,0.9117318985918909,0.3787077634284475,0.3562474638071619,0.0008738070690024,0.7077467447296246,0.6139644501072333,0.9330123232648284,0.0595455411335481,0.6679537946514389,0.0,0.0222105812727315,0.6635461565430544,0.8167789274154789,0.6531032304155576,1.0,33.7019988,3.925484595,South Sudan-Uganda,0.5277085953165309,25.0,0.9520958083832336,0.480479454848184,0.580479454848184,25.0,0.9520958083832336,25.0,0.9520958083832336
4456,64,Uganda,,sample_camp,0.4252691726264676,0.5215254105495687,0.2514851720550838,0.0017957374631893,0.2030771676986261,0.4844910775776092,0.8292105968395287,0.0647001732683058,0.8803281903187014,0.5574127731092777,0.181509988716272,0.4467838858919553,0.1824486813798528,0.2408168999751464,1.0,33.53528472,3.423466082,South Sudan-Uganda,0.4807803190495074,94.0,0.8143712574850299,0.428858350954458,0.5286787772081392,94.0,0.8143712574850299,94.0,0.8143712574850299
4457,000000000000000000c5,Uganda,,sample_camp,0.1494069984413292,0.5215254105495687,0.611101579111183,5.459745274735175e-05,1.0,0.4375155441105258,0.8136697603204027,0.0647001757922662,0.9775068884024966,0.7204890404959023,0.4919083881759484,0.409932650012816,0.1824486813798528,0.2408168999751464,1.0,33.59817405,3.395606177,South Sudan-Uganda,0.5959137237182056,9.0,0.9840319361277444,0.5555050960900261,0.6554996363447514,9.0,0.9840319361277444,8.0,0.9860279441117764
4458,106,Uganda,,sample_camp,0.380335463905745,0.5215254105495687,0.2616345411345456,0.0003682925808357,0.5037450598119657,0.4768091631456088,0.7995243223978236,0.064700176141609,1.0,0.6611266712987889,0.8043300303632466,0.4467838858919553,0.1824486813798528,0.2408168999751464,1.0,33.55498067,3.40929656,South Sudan-Uganda,0.5815146834017859,13.0,0.9760479041916168,0.5396661517419645,0.6396293224838809,13.0,0.9760479041916168,13.0,0.9760479041916168
4459,127,Uganda,,sample_camp,0.5542321750263732,0.6265426325773222,0.4518319670265082,0.0001065453050335,0.099795308688634,0.1377623996272236,0.6166183295146855,0.0657127507124788,0.4334569051115424,0.4443263945527382,0.0401798910096733,0.6710270332910064,0.1376003984517238,0.0,1.0,32.51821611,3.676927595,South Sudan-Uganda,0.3824923489208712,249.0,0.5049900199600799,0.3207415838129584,0.420730929282455,251.0,0.500998003992016,249.0,0.5049900199600799
4460,139,Uganda,,sample_camp,0.4995683060357516,0.6265426325773222,0.4733704761353566,0.042770840734351,0.0583832477742848,0.1671817036900275,0.6585170147301191,0.0661377109645864,0.4177687694964921,0.5164143805704231,0.033584270925173,0.6462615748583617,0.1376003984517238,0.0,1.0,32.60144729,3.67721145,South Sudan-Uganda,0.3913658939825709,240.0,0.5229540918163673,0.3305024833808277,0.4271440562883106,241.0,0.5209580838323353,243.0,0.5169660678642715
4461,0000000000000000019b,Uganda,,sample_camp,0.5208646038760475,0.6265426325773222,0.3492468130527115,1.3785631651502309e-05,0.2085953478955264,0.1732699937411447,0.6409816958776764,0.0661377049237966,0.4590460501437198,0.5958398274186535,0.0266400133540303,0.6639411920103158,0.1376003984517238,0.0,1.0,32.58301983,3.720293018,South Sudan-Uganda,0.4120428124637967,214.0,0.5748502994011976,0.3532470937101765,0.4532457151470113,215.0,0.5728542914171657,214.0,0.5748502994011976
4462,186,Uganda,,sample_camp,0.408888565096214,0.5643949752277186,0.2321349222540366,0.000141038049365,0.0056944578322404,0.0564548640209902,0.6275661107870192,0.0758778617340541,0.2966391427701745,0.67040458793953,0.0293260442026453,0.5992413060280105,0.2565810117164311,0.3406182534497466,1.0,32.99393468,2.986633492,South Sudan-Uganda,0.3733130489612841,255.0,0.4930139720558882,0.3106443538574125,0.410630250052476,260.0,0.4830339321357285,255.0,0.4930139720558882
4463,000000000000000001b7,Uganda,,sample_camp,0.3617048665674856,0.5643949752277186,0.3203566933398016,0.000322840984854,0.0053382871718981,0.0597505690938593,0.6236597490113521,0.0758778603968566,0.2944046708503558,0.6696893700738088,0.0405270518473716,0.6010969170047423,0.2565810117164311,0.3406182534497466,1.0,32.95568305,2.980374812,South Sudan-Uganda,0.3741604948165811,254.0,0.4950099800399201,0.3115765442982392,0.4115442601997537,258.0,0.4870259481037924,254.0,0.4950099800399201
4464,0,Uganda,,sample_camp,0.6213579155607609,0.1289606868564377,0.4355266760292547,0.0716473474263502,0.2072354318558301,0.710588247453834,0.8149748647394385,0.0596835182631703,0.686737375379322,0.5235700973733463,0.0333343266479797,0.3552861588803676,0.4921785743308967,0.5387072729608069,1.0,34.09990962,3.35537071,South Sudan-Uganda,0.4567739191767093,143.0,0.716566866267465,0.4024513110943802,0.4991178784295823,143.0,0.716566866267465,145.0,0.7125748502994012
4465,31,Uganda,,sample_camp,0.8199010593598032,0.1225902358993193,0.5493920225351595,0.0002735709758571,0.0280928010634942,0.7128856779131479,0.812731003288906,0.0596835193028413,0.7247540216461928,0.5511705634912527,0.0227109716302566,0.3742881259556714,0.4921785743308967,0.5387072729608069,1.0,34.08179477,3.365156921,South Sudan-Uganda,0.4401523223813631,164.0,0.6746506986027944,0.3841675546194995,0.4841401975219138,164.0,0.6746506986027944,163.0,0.6766467065868264
4466,0000000000000000019c,Uganda,,sample_camp,0.7424455492112508,0.3494450040133129,0.5515480149100154,0.0038107597771465,0.2571872622664465,0.6914252539266155,0.8039443156213817,0.0596835166058811,0.7127466775519437,0.5497624393408725,0.0273940016567155,0.3526065957419645,0.4921785743308967,0.5387072729608069,1.0,34.10089166,3.312979916,South Sudan-Uganda,0.4764091712933906,103.0,0.7964071856287425,0.4240500884227295,0.523669012445015,103.0,0.7964071856287425,103.0,0.7964071856287425
4467,0000000000000000006a,Uganda,,sample_camp,0.4761003994705874,0.5215254105495687,0.3413166861640334,0.0003311838157814,0.2691490893755549,0.5355634191567846,0.8442229665801342,0.0647001704434761,0.8840905678834897,0.5452374744051144,0.2250128319696131,0.3549164115753982,0.2258543811231831,0.3832209422956849,1.0,33.62141541,3.459875622,South Sudan-Uganda,0.4914457942213292,74.0,0.8542914171656687,0.4405903736434621,0.540557255261884,74.0,0.8542914171656687,73.0,0.8562874251497006
4468,0000000000000000007c,Uganda,,sample_camp,0.4519350327503704,0.5215254105495687,0.3380306159139291,0.0006180222490721,0.4025027188004151,0.4978662473466916,0.8437068865858388,0.0647001725127893,0.9343674418229498,0.7061313608897422,0.3433169176866405,0.3549164115753982,0.2258543811231831,0.3832209422956849,1.0,33.63316454,3.434549144,South Sudan-Uganda,0.5300732544208636,24.0,0.9540918163672656,0.4830805798629499,0.5830187776380427,24.0,0.9540918163672656,24.0,0.9540918163672656
4469,12,Uganda,,sample_camp,0.3571115365266408,0.4948159858237261,0.3893467407203132,0.0002210621729332,0.0419987217954185,0.2606190004228545,0.7530825982836348,0.0770963075219995,0.7894378068529356,0.5583638067979363,0.0445602316492992,0.4779757292565871,0.2518943546069513,0.4607610231232636,1.0,33.4101377,3.137205559,South Sudan-Uganda,0.4248153906965706,197.0,0.6087824351297405,0.3672969297662277,0.4672748235489344,197.0,0.6087824351297405,196.0,0.6107784431137725
4470,72,Uganda,,sample_camp,0.3838653995128505,0.4968442758789372,0.4198001187766927,1.1965279114754018e-05,0.071734187933542,0.2522341600865322,0.7526102088867954,0.0770963075721444,0.8083061834278065,0.5899423299764872,0.0479709011923944,0.4664219852827806,0.2518943546069513,0.4607610231232636,1.0,33.40223474,3.140807306,South Sudan-Uganda,0.4307245956864856,185.0,0.6327345309381237,0.3737970552551341,0.4737958587272226,185.0,0.6327345309381237,185.0,0.6327345309381237
4471,000000000000000001aa,Uganda,,sample_camp,0.3533028223265834,0.4985098114840615,0.407340712747761,0.0007029611006184,0.091697767082392,0.2618937754457942,0.7539482570192944,0.0770963085499701,0.7858007639456317,0.5608492095537673,0.0375319530977867,0.4779757292565871,0.2518943546069513,0.4607610231232636,1.0,33.4130996,3.143594122,South Sudan-Uganda,0.4291640529629895,189.0,0.624750499001996,0.3720804582592885,0.4720101621492266,189.0,0.624750499001996,188.0,0.626746506986028
4472,000000000000000000d7,Uganda,,sample_camp,0.4689320781549905,0.6689359977285644,0.3464085552272634,0.0001874857912183,0.0,0.1253768158958488,0.6447119103354454,0.086851311585553,0.4089541529538218,0.6244398135894978,0.0307397581982214,0.6232012260093905,0.5585569059102313,0.5363205368095283,1.0,32.85622605,3.306717923,South Sudan-Uganda,0.4259185514920217,194.0,0.6147704590818364,0.368510406641224,0.4685104066412239,194.0,0.6147704590818364,194.0,0.6147704590818364
4473,0000000000000000000f,Uganda,,sample_camp,0.5091073609044839,0.7128593261316161,0.4024365635049535,0.0019114247942989,0.0609726519326877,0.113690700241939,0.6348981715261991,0.0746356772720956,0.3209795319489074,0.6336377818237845,0.0310736225583914,0.6467830511370836,0.5585569059102313,0.5363205368095283,1.0,32.79868039,3.299749361,South Sudan-Uganda,0.4286693789095581,190.0,0.6227544910179641,0.3715363168005139,0.471345174321084,190.0,0.6227544910179641,190.0,0.6227544910179641
4474,0000000000000000000c,Uganda,,sample_camp,0.6080462914145957,0.0,0.6266186187596738,0.0003628273857345,0.1525273372302729,0.8111993026707458,0.9522321653275604,0.0601215415216996,0.8231196320117994,0.6580813160468206,0.1071649687943913,0.0,0.3203670170514952,0.4608779136140096,1.0,34.07850851,3.728232111,South Sudan-Uganda,0.4386413242289836,169.0,0.6646706586826348,0.382505456651882,0.482505456651882,169.0,0.6646706586826348,169.0,0.6646706586826348
4475,146,Uganda,,sample_camp,0.6456561050006744,0.0,0.5075124119738447,0.0001036172542073,0.1860645864530144,0.8111993026707458,0.9426792285392444,0.0562795002964656,0.8231196320117994,0.6580813160468206,0.220029652689902,0.0,0.3203670170514952,0.4608779136140096,1.0,34.08965563,3.715727848,South Sudan-Uganda,0.4510585775197481,149.0,0.7045908183632734,0.3961644352717229,0.4961644352717229,149.0,0.7045908183632734,149.0,0.7045908183632734
4476,156,Uganda,,sample_camp,0.4318032960267053,0.4932826199243042,0.4200552719306647,0.0234633529474939,0.1484409608968036,0.1292571891945375,0.7058572298399503,0.0742354775836812,0.5972460489497647,0.6293869307146058,0.0042791079131509,0.5827340284386253,0.3610411513339408,0.5138159461994888,1.0,33.30409443,2.951574237,South Sudan-Uganda,0.4249989654684706,196.0,0.6107784431137725,0.3674988620153177,0.4670709512240026,196.0,0.6107784431137725,197.0,0.6087824351297405
4477,000000000000000001a7,Uganda,,sample_camp,0.437767698932153,0.5052864761508813,0.3921950534853924,0.0003639645626608,0.018863295561702,0.1243218454957583,0.67782906938614,0.0742355878690458,0.6500878106302201,0.6901410791812853,0.0172348907774292,0.5872596274243491,0.3610411513339408,0.5138159461994888,1.0,33.24563988,2.93841271,South Sudan-Uganda,0.4211299282276696,206.0,0.590818363273453,0.3632429210504366,0.4632065245941705,206.0,0.590818363273453,206.0,0.590818363273453
4478,51,Uganda,,sample_camp,0.2758791713838781,0.625031102011253,0.4058366035445309,0.0060604184782149,0.3715581239348637,0.5597454357927165,0.8599961331155446,0.0647001559607913,0.8469580130082592,0.516852668268391,0.5837139306525666,0.4573226661481364,0.287303710064274,0.4153106179741638,1.0,33.56687477,3.61179882,South Sudan-Uganda,0.5558674728612928,18.0,0.9660678642714572,0.511454220147422,0.6108481782996005,18.0,0.9660678642714572,18.0,0.9660678642714572
4479,197,Uganda,,sample_camp,0.3355216019196637,0.625031102011253,0.5722161245381834,0.0016707689658679,0.3623497264656438,0.5597454357927165,0.8513403166684622,0.0566531063298305,0.8469580130082592,0.516852668268391,0.2445134890060931,0.4573226661481364,0.287303710064274,0.4153106179741638,1.0,33.58967972,3.61895715,South Sudan-Uganda,0.5230079905817362,27.0,0.9481037924151696,0.4753087896399097,0.575141712743323,27.0,0.9481037924151696,27.0,0.9481037924151696
4480,000000000000000000cc,Uganda,,sample_camp,0.9980145247848308,0.7616674672620022,0.1186649388738887,0.0010946561892841,0.2335930467365256,0.4567349505111734,0.8571671769247642,0.0639305863269458,0.6559873566360513,0.4613572764424811,0.0124829040197811,0.6826092571369087,0.3266238551819668,0.5602848278583069,1.0,33.30315085,3.700479252,South Sudan-Uganda,0.4953925406400853,67.0,0.8682634730538922,0.4449317947040939,0.5448223290851655,67.0,0.8682634730538922,66.0,0.8702594810379242
4481,000000000000000001c6,Uganda,,sample_camp,1.0,0.7616674672620022,0.152352207117756,0.0006134301325671,0.2336794874166271,0.4264972102661573,0.8534342165342801,0.0639026111237237,0.6693227692392152,0.4668114865089862,0.0101090457161138,0.6370073350401614,0.3266238551819668,0.5602848278583069,1.0,33.2923293,3.695324771,South Sudan-Uganda,0.4896151184816433,77.0,0.8483033932135728,0.4385766303298077,0.538515287316551,77.0,0.8483033932135728,76.0,0.8502994011976048
4482,000000000000000001c8,Uganda,,sample_camp,0.8027036931129315,0.3112146674809951,0.5409280311638097,0.0001305222769167,0.3564943107552675,0.7206101236154869,0.941800948121448,0.0594065371030981,0.6307227316891543,0.2216016887456231,0.0312624768732153,0.5647725587593774,1.0,0.8566313646792862,1.0,33.84934829,3.955733534,South Sudan-Uganda,0.5253281843924986,26.0,0.9500998003992016,0.4778610028317485,0.5778479506040568,26.0,0.9500998003992016,26.0,0.9500998003992016
4483,000000000000000001cb,Uganda,,sample_camp,0.8032173312853126,0.1903273661095448,0.5377124386882969,3.073421212464031e-05,0.2542141885748172,0.7363323027940519,0.9416208606968204,0.0594065370203591,0.6609367761851123,0.2147240915400495,0.0341265929263939,0.5647725587593774,1.0,0.8566313646792862,1.0,33.85763142,3.955283212,South Sudan-Uganda,0.5088259519816629,46.0,0.9101796407185628,0.4597085471798292,0.5597054737586167,46.0,0.9101796407185628,44.0,0.9141716566866268
4484,0000000000000000015f,Uganda,,sample_camp,0.3828360301436158,0.6340889902282825,0.2535831854320058,0.0002401262453385,0.2229249265614845,0.1408475230445142,0.6405259087836243,0.0790982421193335,0.3802828635698176,0.6922976584225005,0.0279136673695379,0.616927306599572,0.3514898960748621,0.4078174343642239,1.0,32.97280775,3.144263737,South Sudan-Uganda,0.4279580788090485,192.0,0.6187624750499002,0.3707538866899534,0.4707298740654195,192.0,0.6187624750499002,192.0,0.6187624750499002
4485,0000000000000000006e,Uganda,,sample_camp,0.3302196105927968,0.5643949752277186,0.2803223971937046,0.0079680428365664,0.0919968036303478,0.1403738007651341,0.6372565098479827,0.0790933480934518,0.3630661828526946,0.6702901085996065,0.0312967387192423,0.616927306599572,0.3514898960748621,0.4078174343642239,1.0,32.97264666,3.119850541,South Sudan-Uganda,0.4068236695594297,221.0,0.5608782435129741,0.3475060365153727,0.446709232231716,222.0,0.5588822355289421,223.0,0.5568862275449101
4486,000000000000000001a1,Uganda,,sample_camp,0.4062902553821443,0.5643949752277186,0.2707414998144702,0.0031192856181688,0.1693544562900394,0.1465710437970298,0.6517786230165714,0.0790851955930353,0.4072129698551386,0.7290628669550692,0.0311179084625049,0.561636826635162,0.3514898960748621,0.4078174343642239,1.0,33.01229009,3.121717204,South Sudan-Uganda,0.4196126229029333,207.0,0.5888223552894212,0.3615738851932265,0.4612619566314097,208.0,0.5868263473053892,207.0,0.5888223552894212
4487,000000000000000000c9,Uganda,,sample_camp,0.4087688256961611,0.5643949752277186,0.3455975430573793,0.0002776171532558,0.0683123311756821,0.0813488283458613,0.622184441419431,0.0876925391626495,0.3288824704251456,0.6361061879565569,0.0329958619179545,0.6424018156409493,0.2928628413558308,0.3863209625565534,1.0,32.87881923,3.080821102,South Sudan-Uganda,0.3881606700562169,244.0,0.5149700598802395,0.3269767370618386,0.426948975346513,245.0,0.5129740518962076,244.0,0.5149700598802395
4488,0000000000000000018f,Uganda,,sample_camp,0.361912946167123,0.5643949752277186,0.3811680051903784,0.0006712079433218,0.2110600758892201,0.0899613320024346,0.6141724671638835,0.0768579422290887,0.4045491058198476,0.645875770799768,0.0320689454933521,0.6424018156409493,0.2928628413558308,0.3863209625565534,1.0,32.86064182,3.023012693,South Sudan-Uganda,0.4089107761214842,219.0,0.564870259481038,0.3498018537336326,0.4497347329393005,220.0,0.562874251497006,219.0,0.564870259481038
4489,151,Uganda,,sample_camp,0.3950437257154296,0.5017096794210661,0.4207053015140366,0.0001783470830544,0.2533176632363496,0.1784822465015735,0.6971336962568926,0.0764380510286449,0.6615118092499516,0.7142000496342451,0.1895893657159014,0.5988673849486824,0.3161068456827012,0.3905279511578911,1.0,33.25271483,3.207590686,South Sudan-Uganda,0.4646451897936744,131.0,0.7405189620758483,0.4111097087730417,0.5110918740647363,131.0,0.7405189620758483,131.0,0.7405189620758483
4490,185,Uganda,,sample_camp,0.5099921352497081,0.5017096794210661,0.5261912382622947,0.0010057958273792,0.314053123695755,0.2042395484621318,0.7072602475410228,0.0724777696505334,0.6848054039552989,0.7129229321924313,0.0565415074869585,0.4823162090736873,0.3161068456827012,0.3905279511578911,1.0,33.30911288,3.197361608,South Sudan-Uganda,0.4528146630307665,148.0,0.7065868263473054,0.3980961293338432,0.4979955497511053,148.0,0.7065868263473054,148.0,0.7065868263473054
4491,000000000000000000b1,Uganda,,sample_camp,0.4038589314538893,0.1215272507980411,0.1763888043642289,8.202949378806443e-05,0.5260003212584127,0.1754451743036765,0.683245156808491,0.066328851345617,0.4640039661361363,0.6892682781876228,0.5745931352615503,0.2691001735308069,0.0202053876485661,0.1655342485427176,1.0,32.88085313,3.774937702,South Sudan-Uganda,0.4112246248570084,215.0,0.5728542914171657,0.3523470873427091,0.4523388843933304,216.0,0.5708582834331337,215.0,0.5728542914171657
4492,000000000000000000bb,Uganda,,sample_camp,0.3831153990768037,0.2181767583221847,0.179949112478645,0.0003474256183587,0.4094154351319574,0.1754451743036765,0.6675077339979133,0.066328852026752,0.4640039661361363,0.6892682781876228,0.5302102836956364,0.2691001735308069,0.0202053876485661,0.1655342485427176,1.0,32.86504067,3.761830321,South Sudan-Uganda,0.4039709651429872,225.0,0.5528942115768463,0.3443680616572859,0.44433331909545,226.0,0.5508982035928144,225.0,0.5528942115768463
4493,33,Uganda,,sample_camp,0.5588993205969727,0.2809409593122661,0.423064898649988,7.071661981593116e-05,0.9326841834243478,0.9531593154933736,0.8352184842339153,0.0657720634460666,0.8809926552279422,0.4160477727065215,0.6568331729160106,0.392844235722991,0.5206497883299525,0.6564567206258596,1.0,34.39855686,3.385672081,South Sudan-Uganda,0.6244946621806489,3.0,0.996007984031936,0.5869441283987136,0.6869370567367321,3.0,0.996007984031936,3.0,0.996007984031936
4494,0000000000000000019d,Uganda,,sample_camp,0.5730874313247907,0.2809409593122661,0.5927713723877337,0.0002737597188162,0.4386556294054687,0.92155187973472,0.8512374324062622,0.0607095409734862,0.8427093050128924,0.3993152836713211,0.1097696180978212,0.1975160150177312,0.5206497883299525,0.6564567206258596,1.0,34.3504127,3.431894011,South Sudan-Uganda,0.5056926973370228,52.0,0.8982035928143712,0.456261967070725,0.5562345910988435,52.0,0.8982035928143712,51.0,0.9001996007984032
4495,92,Uganda,,sample_camp,0.5412310506773934,0.4860782988276018,0.7468169721706299,4.990123114555737e-05,0.4211167350708737,0.1957347466817105,0.7542353320379092,0.0718930097110687,0.8800262270094847,0.8061311022295388,0.7086137622312905,0.4641210080303418,0.442816662602703,0.5437839492375957,1.0,33.58305647,2.946970787,South Sudan-Uganda,0.5599021614502363,17.0,0.9680638722554892,0.51589237759526,0.6158873874721454,17.0,0.9680638722554892,17.0,0.9680638722554892
4496,000000000000000001d0,Uganda,,sample_camp,0.3869790570859582,0.4860782988276018,0.4842650498240898,0.0003395840105624,0.1441713500418262,0.1516195087296893,0.7168104098151852,0.0724244566889989,0.7066909838984077,0.6071293073924983,0.0303031556658926,0.5408862936196247,0.442816662602703,0.5437839492375957,1.0,33.48346297,2.95547455,South Sudan-Uganda,0.4388041413276355,168.0,0.6666666666666666,0.3826845554603991,0.4826505970593429,168.0,0.6666666666666666,168.0,0.6666666666666666
4497,20,Uganda,,sample_camp,0.6722584115481437,0.5978390046744356,0.6651843241813602,9.137439108803467e-06,0.23563827997216,0.3074118411796989,0.7663656055262396,0.0697175880657236,0.7740779143430913,0.5794374034670445,0.0133683307254667,0.5800051165563319,0.2863223853687872,0.3767391692927946,1.0,33.29938098,3.432587926,South Sudan-Uganda,0.4673159108411239,125.0,0.7524950099800399,0.4140475019252364,0.5140465881813255,125.0,0.7524950099800399,124.0,0.7544910179640718
4498,000000000000000000bf,Uganda,,sample_camp,0.6235074325273215,0.5978390046744356,0.5520268516386202,0.0002883672888427,0.2568624615022626,0.4019849774523598,0.7707182393495532,0.0663768653795352,0.808985809675863,0.5314785968356079,0.0325147399160155,0.5859684580506214,0.2863223853687872,0.3767391692927946,1.0,33.31914853,3.455024211,South Sudan-Uganda,0.4793602763740316,99.0,0.8043912175648703,0.4272963040114349,0.5272674672825506,99.0,0.8043912175648703,98.0,0.8063872255489022
4499,0000000000000000010c,Uganda,,sample_camp,0.6809149690982761,0.5978390046744356,0.659847595074347,9.36584035795444e-05,0.2438887817763764,0.2987439619977535,0.7401448967209086,0.0697175926932627,0.7266533709037774,0.5645993344285997,0.032563937006181,0.5743616825908434,0.2863223853687872,0.3767391692927946,1.0,33.27668508,3.422948645,South Sudan-Uganda,0.4604737285337492,134.0,0.7345309381237525,0.4065211013871243,0.5065117355467662,134.0,0.7345309381237525,134.0,0.7345309381237525
4500,53,Uganda,,sample_camp,0.7459293616123939,0.4202992916493059,0.357882794632435,0.0133285506785139,0.1474315915779753,0.5245829453730187,0.891028615700191,0.0595940911596872,0.8310904032772175,0.6824580866090085,0.0159886746873109,0.4880851017860806,0.369478192452727,0.4820735823941688,1.0,33.81467477,3.393292528,South Sudan-Uganda,0.4894337685264862,78.0,0.846307385229541,0.4383771453791348,0.5370442903112835,78.0,0.846307385229541,79.0,0.844311377245509
4501,0000000000000000009b,Uganda,,sample_camp,0.6943517913749873,0.4202992916493059,0.4407374025560112,0.0001663496745624,0.2237981892412175,0.6542811080831237,0.8909603550296445,0.0595641487007397,0.8569685834525603,0.6911321200676223,0.0146714804364185,0.4149144179843519,0.369478192452727,0.4820735823941688,1.0,33.81343482,3.408744742,South Sudan-Uganda,0.5033336443701395,54.0,0.8942115768463074,0.4536670088071534,0.5536503738396972,54.0,0.8942115768463074,54.0,0.8942115768463074
4502,190,Uganda,,sample_camp,0.6426150976103621,0.8303005508302603,0.4540268019127497,0.0018449221573095,0.2334852423902392,0.1137518912033884,0.6014690782659339,0.0632760942267749,0.3004527962188051,0.6168909748261501,0.0338776057237183,0.7188879493804645,0.3802733015073126,0.4136563042732317,0.564994150027635,32.50098803,3.506857713,South Sudan-Uganda,0.3996571329573834,234.0,0.5349301397205589,0.3565927911700957,0.4394383540373908,213.0,0.5768463073852296,234.0,0.5349301397205589
4503,000000000000000000fe,Uganda,,sample_camp,0.5205532339020208,0.8303005508302603,0.4830812178894959,0.0011934150222679,0.041563176898405,0.0705830981838179,0.6062871500475707,0.0627273028962036,0.216962286517922,0.7408367144329235,0.0417222010539729,0.6689929320813974,0.4009342779513012,0.4248894611925383,0.9366961168544212,32.50697962,3.440327126,South Sudan-Uganda,0.4141883563522054,213.0,0.5768463073852296,0.361937580301984,0.4554878504851992,207.0,0.5888223552894212,213.0,0.5768463073852296
14,15,Uganda,Palorinya,study_camp,0.4850008063083757,0.7255321418767186,0.2059415222073489,0.0030606423449026,0.0069545636194732,0.1410050640184013,0.4191019023587621,0.0482468731899268,0.0776913255666152,0.2925409872049269,0.0345566256202796,0.9383866804796502,0.7845437532245602,0.7268524222914975,0.0,31.627836276896137,3.486110769662636,['South Sudan-Uganda'],0.3112157896649355,328.0,0.3473053892215569,0.2484987005834639,0.342337368631429,336.0,0.3313373253493014,328.0,0.3473053892215569
15,16,Uganda,Nyumanzi,study_camp,0.7138417383663441,0.7155044997460204,0.0,0.0013685763214786,0.0074642534656933,0.1416778534135594,0.4826613675013496,0.0743859064877083,0.1508203921855175,0.2985784045376776,0.0240066085809495,0.8797189877678948,0.6682783538463724,0.688612088450071,0.0,31.94519832667657,3.467143689427699,['South Sudan-Uganda'],0.3063708452151375,339.0,0.3253493013972056,0.2490360309598618,0.3370079297366513,336.0,0.3313373253493014,339.0,0.3253493013972056
